1 60.0 27.0 325.0 304.0
2 139.0 30.0 153.0 264.0
3 14.0 112.0 388.0 186.0
4 112.0 90.0 255.0 242.0
5 70.0 50.0 134.0 303.0
6 33.0 53.0 251.0 395.0
7 7.0 75.0 420.0 262.0
8 78.0 86.0 333.0 158.0
9 112.0 76.0 221.0 189.0
10 27.0 4.0 199.0 201.0
11 1.0 52.0 342.0 260.0
12 47.0 21.0 179.0 249.0
13 36.0 32.0 197.0 457.0
14 37.0 40.0 262.0 184.0
15 23.0 80.0 395.0 237.0
16 141.0 87.0 256.0 211.0
17 40.0 38.0 254.0 209.0
18 45.0 58.0 254.0 249.0
19 135.0 83.0 304.0 181.0
20 23.0 195.0 255.0 122.0
21 11.0 77.0 281.0 139.0
22 5.0 4.0 210.0 130.0
23 154.0 93.0 188.0 165.0
24 50.0 25.0 156.0 139.0
25 172.0 106.0 265.0 214.0
26 37.0 61.0 409.0 180.0
27 65.0 62.0 309.0 345.0
28 1.0 2.0 499.0 286.0
29 97.0 3.0 235.0 254.0
30 90.0 29.0 224.0 211.0
31 38.0 15.0 314.0 301.0
32 20.0 91.0 416.0 203.0
33 82.0 52.0 260.0 260.0
34 66.0 115.0 360.0 214.0
35 19.0 18.0 464.0 294.0
36 72.0 40.0 286.0 225.0
37 216.0 119.0 221.0 154.0
38 40.0 4.0 368.0 445.0
39 69.0 57.0 199.0 141.0
40 130.0 29.0 202.0 393.0
41 53.0 46.0 302.0 317.0
42 25.0 17.0 368.0 299.0
43 137.0 64.0 287.0 156.0
44 111.0 42.0 133.0 219.0
45 58.0 51.0 388.0 211.0
46 13.0 28.0 212.0 283.0
47 5.0 127.0 496.0 131.0
48 113.0 260.0 127.0 130.0
49 49.0 69.0 253.0 211.0
50 24.0 144.0 433.0 130.0
51 151.0 152.0 310.0 200.0
52 157.0 45.0 103.0 324.0
53 60.0 29.0 432.0 355.0
54 131.0 36.0 212.0 304.0
55 152.0 86.0 120.0 141.0
56 2.0 45.0 189.0 120.0
57 214.0 87.0 204.0 179.0
58 46.0 24.0 197.0 117.0
59 72.0 29.0 224.0 262.0
60 96.0 77.0 260.0 170.0
61 144.0 40.0 333.0 165.0
62 202.0 28.0 164.0 340.0
63 72.0 68.0 383.0 225.0
64 60.0 128.0 438.0 106.0
65 32.0 35.0 259.0 361.0
66 41.0 79.0 387.0 202.0
67 156.0 35.0 126.0 259.0
68 108.0 123.0 230.0 149.0
69 82.0 75.0 308.0 260.0
70 89.0 172.0 108.0 146.0
71 83.0 124.0 211.0 250.0
72 75.0 80.0 375.0 277.0
73 41.0 31.0 384.0 260.0
74 45.0 31.0 268.0 306.0
75 38.0 91.0 316.0 193.0
76 137.0 72.0 202.0 211.0
77 15.0 25.0 409.0 274.0
78 193.0 46.0 202.0 195.0
79 99.0 115.0 316.0 284.0
80 71.0 50.0 312.0 236.0
81 67.0 25.0 358.0 248.0
82 109.0 13.0 276.0 295.0
83 35.0 114.0 418.0 216.0
84 41.0 89.0 378.0 304.0
85 8.0 75.0 350.0 424.0
86 157.0 36.0 195.0 365.0
87 30.0 7.0 437.0 321.0
88 58.0 91.0 332.0 256.0
89 84.0 25.0 285.0 307.0
90 193.0 53.0 244.0 254.0
91 119.0 42.0 118.0 123.0
92 18.0 60.0 459.0 239.0
93 135.0 120.0 201.0 138.0
94 45.0 10.0 322.0 281.0
95 120.0 60.0 101.0 218.0
96 151.0 23.0 274.0 351.0
97 46.0 71.0 403.0 280.0
98 118.0 19.0 222.0 294.0
99 24.0 53.0 361.0 181.0
100 13.0 58.0 473.0 243.0
101 125.0 72.0 306.0 149.0
102 92.0 47.0 331.0 260.0
103 152.0 41.0 187.0 271.0
104 83.0 90.0 245.0 394.0
105 127.0 55.0 252.0 182.0
106 116.0 18.0 283.0 314.0
107 64.0 94.0 287.0 223.0
108 138.0 88.0 120.0 156.0
109 43.0 62.0 286.0 432.0
110 148.0 115.0 149.0 193.0
111 136.0 66.0 171.0 243.0
112 140.0 100.0 237.0 199.0
113 31.0 52.0 377.0 172.0
114 26.0 53.0 331.0 211.0
115 183.0 80.0 237.0 200.0
116 128.0 109.0 221.0 198.0
117 165.0 48.0 166.0 268.0
118 145.0 42.0 182.0 288.0
119 92.0 69.0 366.0 269.0
120 77.0 93.0 163.0 178.0
121 196.0 96.0 222.0 147.0
122 102.0 128.0 396.0 148.0
123 105.0 133.0 168.0 283.0
124 169.0 41.0 180.0 249.0
125 1.0 134.0 316.0 345.0
126 36.0 63.0 448.0 252.0
127 92.0 117.0 327.0 121.0
128 55.0 49.0 176.0 150.0
129 206.0 107.0 140.0 115.0
130 98.0 24.0 240.0 313.0
131 114.0 30.0 205.0 281.0
132 75.0 2.0 397.0 330.0
133 86.0 57.0 130.0 270.0
134 49.0 75.0 366.0 157.0
135 33.0 118.0 235.0 173.0
136 121.0 74.0 149.0 134.0
137 134.0 96.0 123.0 289.0
138 165.0 34.0 288.0 296.0
139 98.0 140.0 181.0 247.0
140 6.0 1.0 493.0 497.0
141 89.0 168.0 160.0 245.0
142 9.0 67.0 312.0 252.0
143 1.0 14.0 250.0 248.0
144 1.0 15.0 415.0 302.0
145 191.0 51.0 233.0 253.0
146 0.0 67.0 212.0 163.0
147 122.0 35.0 377.0 297.0
148 105.0 77.0 267.0 159.0
149 16.0 36.0 190.0 289.0
150 12.0 9.0 466.0 307.0
151 14.0 39.0 455.0 167.0
152 165.0 55.0 128.0 219.0
153 37.0 35.0 142.0 141.0
154 113.0 91.0 287.0 153.0
155 15.0 46.0 410.0 338.0
156 145.0 104.0 217.0 215.0
157 136.0 6.0 222.0 340.0
158 22.0 13.0 325.0 428.0
159 0.0 0.0 400.0 378.0
160 139.0 33.0 337.0 319.0
161 247.0 62.0 217.0 251.0
162 123.0 46.0 267.0 408.0
163 55.0 65.0 319.0 364.0
164 0.0 74.0 443.0 200.0
165 14.0 7.0 477.0 327.0
166 22.0 98.0 449.0 192.0
167 27.0 37.0 283.0 232.0
168 96.0 58.0 246.0 351.0
169 177.0 13.0 174.0 333.0
170 132.0 82.0 268.0 206.0
171 150.0 44.0 156.0 192.0
172 37.0 18.0 222.0 290.0
173 209.0 1.0 145.0 326.0
174 236.0 36.0 123.0 115.0
175 95.0 65.0 379.0 185.0
176 20.0 18.0 314.0 367.0
177 19.0 9.0 183.0 405.0
178 77.0 38.0 171.0 158.0
179 214.0 30.0 151.0 327.0
180 17.0 87.0 433.0 262.0
181 140.0 76.0 141.0 297.0
182 62.0 108.0 308.0 310.0
183 113.0 88.0 216.0 268.0
184 61.0 41.0 230.0 414.0
185 226.0 140.0 163.0 109.0
186 63.0 90.0 435.0 199.0
187 115.0 62.0 323.0 286.0
188 71.0 43.0 320.0 245.0
189 200.0 149.0 111.0 117.0
190 166.0 113.0 233.0 152.0
191 170.0 73.0 145.0 212.0
192 62.0 28.0 234.0 355.0
193 86.0 100.0 161.0 329.0
194 61.0 52.0 377.0 290.0
195 205.0 140.0 182.0 173.0
196 228.0 28.0 187.0 281.0
197 166.0 86.0 207.0 214.0
198 174.0 29.0 264.0 370.0
199 102.0 103.0 209.0 342.0
200 103.0 46.0 174.0 328.0
201 165.0 86.0 126.0 156.0
202 92.0 94.0 213.0 295.0
203 102.0 56.0 117.0 176.0
204 247.0 135.0 106.0 171.0
205 68.0 157.0 242.0 220.0
206 24.0 58.0 432.0 238.0
207 169.0 105.0 220.0 221.0
208 131.0 101.0 175.0 230.0
209 147.0 142.0 148.0 208.0
210 178.0 28.0 124.0 286.0
211 65.0 54.0 154.0 374.0
212 184.0 99.0 117.0 193.0
213 115.0 59.0 329.0 255.0
214 120.0 144.0 239.0 257.0
215 22.0 103.0 233.0 314.0
216 34.0 138.0 287.0 158.0
217 143.0 70.0 166.0 255.0
218 110.0 67.0 389.0 233.0
219 187.0 60.0 134.0 255.0
220 110.0 75.0 128.0 256.0
221 290.0 97.0 145.0 142.0
222 45.0 43.0 270.0 342.0
223 58.0 54.0 441.0 320.0
224 160.0 65.0 156.0 234.0
225 89.0 34.0 228.0 339.0
226 94.0 22.0 222.0 470.0
227 123.0 49.0 306.0 200.0
228 110.0 52.0 219.0 368.0
229 122.0 64.0 176.0 338.0
230 188.0 151.0 197.0 115.0
231 91.0 53.0 250.0 221.0
232 116.0 37.0 144.0 453.0
233 114.0 86.0 302.0 285.0
234 155.0 118.0 222.0 184.0
235 156.0 25.0 198.0 349.0
236 215.0 59.0 111.0 353.0
237 55.0 46.0 121.0 119.0
238 183.0 98.0 114.0 217.0
239 204.0 60.0 152.0 281.0
240 48.0 68.0 167.0 414.0
241 101.0 64.0 165.0 404.0
242 52.0 51.0 278.0 448.0
243 22.0 45.0 225.0 373.0
244 1.0 14.0 295.0 224.0
245 25.0 39.0 247.0 460.0
246 124.0 116.0 235.0 245.0
247 39.0 59.0 175.0 212.0
248 32.0 43.0 138.0 128.0
249 130.0 59.0 176.0 400.0
250 31.0 9.0 139.0 255.0
251 156.0 54.0 236.0 423.0
252 11.0 8.0 201.0 302.0
253 113.0 15.0 217.0 312.0
254 5.0 25.0 308.0 459.0
255 45.0 23.0 256.0 447.0
256 10.0 69.0 220.0 299.0
257 34.0 141.0 251.0 331.0
258 114.0 75.0 143.0 338.0
259 53.0 62.0 142.0 280.0
260 84.0 101.0 117.0 251.0
261 30.0 132.0 176.0 234.0
262 98.0 57.0 122.0 286.0
263 60.0 54.0 226.0 264.0
264 252.0 54.0 111.0 211.0
265 118.0 9.0 271.0 466.0
266 58.0 50.0 128.0 191.0
267 209.0 22.0 196.0 128.0
268 317.0 96.0 129.0 269.0
269 52.0 63.0 295.0 424.0
270 60.0 66.0 263.0 396.0
271 236.0 125.0 147.0 113.0
272 0.0 0.0 500.0 375.0
273 189.0 235.0 105.0 143.0
274 78.0 73.0 108.0 120.0
275 130.0 145.0 146.0 117.0
276 177.0 146.0 186.0 173.0
277 133.0 20.0 309.0 355.0
278 38.0 17.0 388.0 359.0
279 6.0 6.0 277.0 422.0
280 177.0 27.0 177.0 387.0
281 10.0 157.0 183.0 274.0
282 120.0 82.0 121.0 143.0
283 82.0 22.0 387.0 362.0
284 90.0 125.0 180.0 313.0
285 205.0 94.0 193.0 212.0
286 144.0 31.0 192.0 333.0
287 59.0 34.0 281.0 450.0
288 89.0 52.0 136.0 174.0
289 99.0 102.0 195.0 209.0
290 96.0 61.0 190.0 205.0
291 92.0 90.0 126.0 202.0
292 23.0 78.0 254.0 326.0
293 28.0 133.0 167.0 278.0
294 5.0 4.0 131.0 149.0
295 157.0 50.0 186.0 292.0
296 54.0 118.0 195.0 297.0
297 57.0 90.0 300.0 313.0
298 42.0 36.0 204.0 338.0
299 81.0 107.0 192.0 329.0
300 103.0 89.0 107.0 143.0
301 74.0 89.0 104.0 152.0
302 95.0 111.0 227.0 310.0
303 62.0 65.0 146.0 240.0
304 69.0 59.0 203.0 220.0
305 120.0 37.0 205.0 262.0
306 24.0 21.0 241.0 417.0
307 75.0 58.0 268.0 222.0
308 52.0 35.0 373.0 371.0
309 56.0 54.0 135.0 240.0
310 14.0 8.0 179.0 207.0
311 120.0 120.0 203.0 101.0
312 116.0 95.0 272.0 222.0
313 80.0 82.0 151.0 162.0
314 109.0 94.0 164.0 212.0
315 31.0 107.0 170.0 218.0
316 1.0 106.0 192.0 296.0
317 95.0 69.0 161.0 130.0
318 17.0 25.0 178.0 237.0
319 175.0 217.0 157.0 179.0
320 122.0 70.0 228.0 261.0
321 85.0 87.0 147.0 232.0
322 134.0 74.0 132.0 162.0
323 21.0 10.0 389.0 461.0
324 71.0 77.0 268.0 344.0
325 138.0 55.0 338.0 259.0
326 56.0 89.0 189.0 373.0
327 13.0 42.0 349.0 312.0
328 106.0 92.0 197.0 288.0
329 194.0 139.0 111.0 245.0
330 71.0 66.0 146.0 228.0
331 117.0 45.0 106.0 188.0
332 40.0 22.0 113.0 151.0
333 66.0 87.0 205.0 278.0
334 68.0 133.0 276.0 301.0
335 138.0 73.0 291.0 312.0
336 145.0 94.0 124.0 163.0
337 126.0 147.0 169.0 245.0
338 162.0 11.0 174.0 364.0
339 120.0 172.0 183.0 278.0
340 88.0 96.0 222.0 385.0
341 185.0 6.0 158.0 317.0
342 105.0 96.0 247.0 318.0
343 94.0 92.0 225.0 340.0
344 112.0 31.0 162.0 278.0
345 50.0 164.0 189.0 279.0
346 149.0 64.0 280.0 270.0
347 48.0 107.0 213.0 319.0
348 92.0 39.0 191.0 200.0
349 123.0 32.0 364.0 276.0
350 81.0 141.0 173.0 346.0
351 218.0 48.0 226.0 237.0
352 50.0 81.0 149.0 213.0
353 169.0 89.0 229.0 240.0
354 61.0 83.0 236.0 141.0
355 60.0 49.0 176.0 142.0
356 33.0 72.0 362.0 239.0
357 164.0 84.0 178.0 228.0
358 90.0 100.0 225.0 314.0
359 65.0 47.0 191.0 116.0
360 248.0 170.0 141.0 226.0
361 114.0 92.0 229.0 326.0
362 78.0 61.0 411.0 279.0
363 185.0 49.0 232.0 272.0
364 81.0 62.0 189.0 412.0
365 142.0 111.0 198.0 327.0
366 90.0 57.0 224.0 417.0
367 9.0 40.0 109.0 129.0
368 0.0 22.0 197.0 261.0
369 48.0 82.0 234.0 309.0
370 123.0 30.0 259.0 347.0
371 47.0 76.0 181.0 249.0
372 49.0 155.0 230.0 244.0
373 9.0 12.0 154.0 137.0
374 86.0 90.0 168.0 355.0
375 73.0 67.0 177.0 401.0
376 178.0 129.0 135.0 155.0
377 28.0 72.0 438.0 167.0
378 172.0 148.0 217.0 135.0
379 0.0 10.0 495.0 312.0
380 0.0 6.0 360.0 386.0
381 3.0 78.0 465.0 254.0
382 30.0 112.0 357.0 177.0
383 76.0 61.0 161.0 102.0
384 202.0 67.0 209.0 296.0
385 160.0 87.0 115.0 103.0
386 49.0 19.0 174.0 105.0
387 90.0 98.0 210.0 311.0
388 69.0 60.0 356.0 252.0
389 127.0 108.0 234.0 115.0
390 54.0 99.0 297.0 116.0
391 126.0 82.0 161.0 132.0
392 46.0 38.0 299.0 157.0
393 52.0 75.0 171.0 177.0
394 14.0 34.0 370.0 188.0
395 87.0 7.0 366.0 261.0
396 105.0 54.0 304.0 166.0
397 48.0 61.0 369.0 283.0
398 77.0 77.0 233.0 110.0
399 127.0 92.0 174.0 153.0
400 25.0 43.0 251.0 165.0
401 23.0 47.0 329.0 174.0
402 88.0 37.0 231.0 191.0
403 8.0 18.0 289.0 260.0
404 96.0 79.0 313.0 112.0
405 51.0 27.0 138.0 110.0
406 71.0 84.0 410.0 326.0
407 86.0 42.0 277.0 183.0
408 33.0 168.0 247.0 102.0
409 56.0 71.0 146.0 175.0
410 72.0 35.0 133.0 105.0
411 20.0 20.0 132.0 105.0
412 19.0 36.0 356.0 301.0
413 40.0 31.0 155.0 109.0
414 13.0 107.0 330.0 146.0
415 59.0 15.0 266.0 175.0
416 31.0 119.0 248.0 166.0
417 145.0 103.0 222.0 189.0
418 161.0 82.0 165.0 149.0
419 109.0 72.0 270.0 233.0
420 146.0 96.0 285.0 149.0
421 54.0 75.0 304.0 229.0
422 227.0 130.0 188.0 102.0
423 4.0 29.0 495.0 470.0
424 157.0 111.0 106.0 100.0
425 107.0 34.0 390.0 282.0
426 7.0 122.0 296.0 364.0
427 90.0 77.0 192.0 313.0
428 77.0 41.0 245.0 285.0
429 90.0 119.0 181.0 310.0
430 104.0 120.0 199.0 158.0
431 76.0 77.0 293.0 275.0
432 73.0 72.0 410.0 192.0
433 117.0 48.0 324.0 205.0
434 102.0 104.0 327.0 180.0
435 201.0 114.0 236.0 191.0
436 192.0 181.0 296.0 171.0
437 42.0 37.0 341.0 221.0
438 71.0 144.0 189.0 319.0
439 85.0 137.0 290.0 193.0
440 166.0 53.0 211.0 249.0
441 153.0 77.0 257.0 251.0
442 101.0 95.0 243.0 192.0
443 64.0 27.0 328.0 211.0
444 50.0 42.0 222.0 319.0
445 212.0 111.0 164.0 124.0
446 271.0 32.0 124.0 453.0
447 161.0 41.0 175.0 374.0
448 47.0 26.0 377.0 267.0
449 214.0 98.0 228.0 266.0
450 103.0 83.0 186.0 155.0
451 9.0 104.0 321.0 172.0
452 128.0 38.0 251.0 270.0
453 101.0 63.0 233.0 187.0
454 76.0 25.0 153.0 151.0
455 204.0 14.0 283.0 267.0
456 202.0 143.0 140.0 153.0
457 149.0 48.0 277.0 187.0
458 159.0 72.0 291.0 170.0
459 96.0 114.0 291.0 155.0
460 144.0 88.0 264.0 189.0
461 16.0 80.0 417.0 254.0
462 28.0 34.0 417.0 318.0
463 56.0 83.0 277.0 321.0
464 140.0 53.0 191.0 261.0
465 48.0 86.0 126.0 104.0
466 134.0 126.0 207.0 270.0
467 242.0 71.0 207.0 174.0
468 74.0 112.0 237.0 239.0
469 117.0 86.0 368.0 197.0
470 147.0 29.0 293.0 280.0
471 54.0 33.0 232.0 322.0
472 35.0 18.0 373.0 332.0
473 9.0 16.0 488.0 339.0
474 3.0 43.0 384.0 384.0
475 73.0 112.0 190.0 300.0
476 62.0 33.0 437.0 341.0
477 58.0 48.0 291.0 395.0
478 65.0 224.0 323.0 238.0
479 214.0 42.0 222.0 290.0
480 218.0 82.0 234.0 294.0
481 21.0 43.0 405.0 328.0
482 82.0 52.0 326.0 376.0
483 95.0 73.0 282.0 320.0
484 187.0 129.0 131.0 226.0
485 130.0 124.0 351.0 205.0
486 138.0 137.0 126.0 260.0
487 110.0 144.0 171.0 156.0
488 218.0 39.0 205.0 360.0
489 75.0 74.0 255.0 190.0
490 208.0 180.0 100.0 108.0
491 147.0 39.0 137.0 277.0
492 141.0 148.0 173.0 174.0
493 204.0 101.0 180.0 122.0
494 21.0 178.0 290.0 145.0
495 88.0 101.0 234.0 182.0
496 112.0 143.0 218.0 219.0
497 77.0 95.0 155.0 222.0
498 39.0 128.0 295.0 188.0
499 159.0 90.0 109.0 139.0
500 121.0 103.0 354.0 191.0
501 74.0 15.0 425.0 316.0
502 15.0 90.0 366.0 204.0
503 142.0 68.0 332.0 212.0
504 82.0 60.0 282.0 211.0
505 52.0 142.0 251.0 202.0
506 4.0 67.0 457.0 260.0
507 149.0 137.0 210.0 201.0
508 136.0 97.0 150.0 170.0
509 142.0 49.0 356.0 242.0
510 72.0 53.0 415.0 182.0
511 116.0 81.0 256.0 193.0
512 60.0 68.0 265.0 367.0
513 115.0 106.0 185.0 338.0
514 82.0 92.0 317.0 365.0
515 108.0 39.0 124.0 173.0
516 2.0 58.0 477.0 258.0
517 200.0 75.0 219.0 242.0
518 36.0 97.0 296.0 328.0
519 41.0 28.0 438.0 274.0
520 156.0 45.0 168.0 251.0
521 25.0 56.0 356.0 402.0
522 53.0 158.0 253.0 186.0
523 63.0 106.0 242.0 307.0
524 108.0 54.0 349.0 280.0
525 189.0 139.0 223.0 186.0
526 85.0 151.0 160.0 205.0
527 237.0 137.0 196.0 223.0
528 184.0 93.0 234.0 167.0
529 104.0 78.0 267.0 268.0
530 29.0 98.0 398.0 221.0
531 94.0 115.0 253.0 122.0
532 75.0 84.0 294.0 221.0
533 228.0 137.0 194.0 225.0
534 255.0 125.0 158.0 116.0
535 103.0 83.0 185.0 409.0
536 193.0 129.0 153.0 150.0
537 50.0 146.0 152.0 102.0
538 95.0 145.0 194.0 228.0
539 170.0 97.0 191.0 224.0
540 141.0 84.0 259.0 228.0
541 17.0 24.0 457.0 450.0
542 145.0 88.0 304.0 195.0
543 133.0 61.0 255.0 215.0
544 139.0 91.0 174.0 326.0
545 113.0 79.0 327.0 173.0
546 75.0 123.0 283.0 222.0
547 63.0 90.0 344.0 311.0
548 50.0 65.0 179.0 185.0
549 10.0 10.0 465.0 313.0
550 161.0 126.0 226.0 140.0
551 144.0 80.0 255.0 177.0
552 73.0 11.0 404.0 274.0
553 161.0 43.0 187.0 317.0
554 6.0 8.0 465.0 402.0
555 121.0 72.0 297.0 235.0
556 133.0 100.0 316.0 156.0
557 72.0 71.0 418.0 415.0
558 139.0 60.0 339.0 248.0
559 85.0 115.0 282.0 146.0
560 106.0 43.0 265.0 252.0
561 113.0 99.0 326.0 267.0
562 95.0 64.0 270.0 238.0
563 145.0 165.0 121.0 127.0
564 88.0 37.0 227.0 114.0
565 94.0 91.0 258.0 358.0
566 174.0 25.0 274.0 302.0
567 80.0 165.0 178.0 107.0
568 56.0 50.0 400.0 155.0
569 41.0 77.0 287.0 216.0
570 2.0 46.0 436.0 327.0
571 22.0 151.0 369.0 178.0
572 83.0 141.0 259.0 178.0
573 24.0 57.0 460.0 256.0
574 58.0 94.0 307.0 212.0
575 29.0 42.0 325.0 218.0
576 188.0 92.0 120.0 218.0
577 88.0 39.0 305.0 279.0
578 61.0 134.0 226.0 155.0
579 137.0 105.0 173.0 166.0
580 114.0 91.0 253.0 216.0
581 93.0 83.0 379.0 318.0
582 81.0 121.0 258.0 298.0
583 140.0 65.0 273.0 230.0
584 88.0 121.0 229.0 144.0
585 160.0 106.0 127.0 143.0
586 96.0 64.0 294.0 394.0
587 32.0 110.0 249.0 265.0
588 161.0 65.0 237.0 281.0
589 86.0 148.0 324.0 152.0
590 88.0 56.0 168.0 136.0
591 177.0 175.0 158.0 166.0
592 151.0 98.0 160.0 223.0
593 210.0 120.0 156.0 149.0
594 102.0 49.0 147.0 133.0
595 87.0 68.0 195.0 156.0
596 195.0 92.0 207.0 138.0
597 181.0 156.0 184.0 109.0
598 127.0 142.0 366.0 182.0
599 84.0 26.0 238.0 148.0
600 152.0 136.0 287.0 200.0
601 118.0 117.0 179.0 196.0
602 138.0 106.0 281.0 124.0
603 140.0 14.0 334.0 172.0
604 189.0 112.0 151.0 121.0
605 66.0 95.0 327.0 224.0
606 120.0 202.0 152.0 250.0
607 115.0 102.0 285.0 315.0
608 183.0 88.0 123.0 181.0
609 142.0 176.0 100.0 226.0
610 140.0 94.0 113.0 255.0
611 127.0 93.0 145.0 291.0
612 71.0 96.0 191.0 162.0
613 53.0 42.0 371.0 166.0
614 22.0 28.0 458.0 291.0
615 152.0 64.0 124.0 182.0
616 202.0 47.0 212.0 246.0
617 37.0 110.0 269.0 334.0
618 114.0 32.0 131.0 177.0
619 18.0 84.0 271.0 316.0
620 100.0 117.0 210.0 122.0
621 171.0 117.0 109.0 163.0
622 195.0 125.0 164.0 174.0
623 136.0 110.0 182.0 213.0
624 131.0 136.0 210.0 315.0
625 166.0 163.0 170.0 311.0
626 129.0 140.0 204.0 188.0
627 156.0 106.0 157.0 166.0
628 135.0 110.0 163.0 135.0
629 210.0 150.0 158.0 135.0
630 54.0 97.0 281.0 182.0
631 140.0 83.0 164.0 205.0
632 106.0 176.0 120.0 114.0
633 148.0 104.0 139.0 369.0
634 153.0 89.0 201.0 223.0
635 190.0 80.0 188.0 219.0
636 136.0 84.0 140.0 255.0
637 170.0 20.0 121.0 300.0
638 228.0 48.0 219.0 257.0
639 196.0 94.0 160.0 201.0
640 151.0 99.0 179.0 175.0
641 111.0 120.0 179.0 157.0
642 104.0 107.0 184.0 285.0
643 116.0 57.0 332.0 333.0
644 161.0 75.0 161.0 184.0
645 183.0 69.0 141.0 332.0
646 98.0 102.0 270.0 178.0
647 72.0 104.0 285.0 350.0
648 117.0 88.0 195.0 213.0
649 102.0 77.0 198.0 198.0
650 42.0 111.0 267.0 161.0
651 1.0 128.0 338.0 171.0
652 165.0 153.0 309.0 235.0
653 124.0 89.0 157.0 216.0
654 136.0 247.0 244.0 187.0
655 109.0 110.0 292.0 315.0
656 1.0 100.0 299.0 276.0
657 152.0 56.0 259.0 301.0
658 180.0 89.0 261.0 235.0
659 116.0 123.0 174.0 189.0
660 104.0 61.0 324.0 194.0
661 48.0 73.0 182.0 162.0
662 207.0 94.0 156.0 171.0
663 88.0 77.0 263.0 270.0
664 139.0 89.0 157.0 152.0
665 126.0 121.0 225.0 289.0
666 96.0 119.0 156.0 163.0
667 69.0 113.0 311.0 157.0
668 145.0 63.0 258.0 256.0
669 192.0 70.0 190.0 211.0
670 83.0 29.0 270.0 332.0
671 94.0 41.0 180.0 289.0
672 99.0 125.0 194.0 291.0
673 161.0 93.0 123.0 121.0
674 295.0 111.0 130.0 183.0
675 167.0 107.0 128.0 152.0
676 84.0 228.0 139.0 157.0
677 171.0 127.0 144.0 212.0
678 5.0 71.0 235.0 258.0
679 171.0 117.0 100.0 102.0
680 76.0 115.0 217.0 307.0
681 149.0 136.0 168.0 167.0
682 178.0 80.0 182.0 131.0
683 248.0 65.0 133.0 151.0
684 77.0 98.0 230.0 357.0
685 239.0 111.0 154.0 107.0
686 81.0 115.0 154.0 152.0
687 65.0 121.0 134.0 120.0
688 87.0 85.0 222.0 336.0
689 207.0 60.0 142.0 152.0
690 8.0 36.0 369.0 421.0
691 165.0 117.0 181.0 203.0
692 56.0 201.0 181.0 185.0
693 96.0 121.0 206.0 227.0
694 83.0 28.0 226.0 286.0
695 141.0 37.0 180.0 268.0
696 53.0 130.0 124.0 266.0
697 71.0 89.0 313.0 261.0
698 144.0 133.0 157.0 141.0
699 19.0 47.0 264.0 206.0
700 50.0 78.0 244.0 193.0
701 117.0 95.0 149.0 186.0
702 84.0 68.0 370.0 232.0
703 32.0 132.0 252.0 293.0
704 146.0 66.0 200.0 346.0
705 208.0 114.0 271.0 217.0
706 92.0 91.0 220.0 364.0
707 141.0 61.0 275.0 284.0
708 58.0 93.0 132.0 158.0
709 33.0 14.0 451.0 482.0
710 37.0 71.0 197.0 210.0
711 169.0 74.0 164.0 159.0
712 289.0 126.0 123.0 147.0
713 93.0 76.0 194.0 196.0
714 18.0 79.0 284.0 377.0
715 123.0 85.0 348.0 242.0
716 90.0 59.0 228.0 273.0
717 66.0 38.0 208.0 222.0
718 121.0 141.0 211.0 166.0
719 15.0 95.0 304.0 321.0
720 90.0 57.0 187.0 315.0
721 194.0 19.0 102.0 263.0
722 45.0 65.0 238.0 294.0
723 61.0 25.0 297.0 224.0
724 161.0 34.0 203.0 276.0
725 38.0 90.0 201.0 259.0
726 140.0 84.0 158.0 314.0
727 278.0 159.0 214.0 126.0
728 127.0 87.0 161.0 151.0
729 105.0 24.0 338.0 295.0
730 129.0 22.0 236.0 291.0
731 77.0 170.0 183.0 176.0
732 36.0 112.0 356.0 173.0
733 49.0 79.0 392.0 254.0
734 114.0 82.0 169.0 152.0
735 86.0 141.0 172.0 178.0
736 0.0 46.0 488.0 302.0
737 208.0 112.0 120.0 116.0
738 228.0 47.0 220.0 122.0
739 85.0 141.0 111.0 256.0
740 194.0 214.0 118.0 223.0
741 71.0 120.0 312.0 289.0
742 150.0 145.0 239.0 239.0
743 257.0 61.0 134.0 237.0
744 18.0 18.0 481.0 309.0
745 165.0 139.0 133.0 125.0
746 82.0 223.0 117.0 110.0
747 102.0 128.0 190.0 196.0
748 41.0 87.0 184.0 412.0
749 108.0 133.0 193.0 259.0
750 128.0 56.0 124.0 243.0
751 301.0 64.0 175.0 166.0
752 14.0 78.0 316.0 223.0
753 213.0 74.0 111.0 258.0
754 187.0 108.0 148.0 210.0
755 218.0 273.0 189.0 101.0
756 153.0 95.0 188.0 168.0
757 58.0 70.0 216.0 306.0
758 118.0 131.0 196.0 155.0
759 128.0 107.0 249.0 155.0
760 54.0 118.0 227.0 291.0
761 119.0 93.0 152.0 223.0
762 119.0 78.0 144.0 137.0
763 91.0 149.0 219.0 174.0
764 86.0 145.0 206.0 161.0
765 109.0 37.0 307.0 277.0
766 127.0 117.0 154.0 243.0
767 51.0 62.0 307.0 263.0
768 274.0 25.0 204.0 208.0
769 120.0 150.0 127.0 168.0
770 142.0 90.0 215.0 196.0
771 95.0 121.0 117.0 121.0
772 89.0 110.0 142.0 195.0
773 52.0 147.0 260.0 200.0
774 145.0 75.0 181.0 161.0
775 7.0 105.0 431.0 288.0
776 102.0 145.0 183.0 140.0
777 66.0 84.0 315.0 136.0
778 88.0 72.0 346.0 256.0
779 174.0 52.0 309.0 226.0
780 51.0 77.0 312.0 226.0
781 199.0 95.0 194.0 231.0
782 61.0 68.0 178.0 192.0
783 139.0 123.0 190.0 249.0
784 29.0 47.0 229.0 177.0
785 37.0 151.0 287.0 210.0
786 184.0 27.0 169.0 176.0
787 112.0 93.0 250.0 331.0
788 27.0 58.0 222.0 243.0
789 216.0 159.0 147.0 266.0
790 71.0 89.0 282.0 148.0
791 69.0 87.0 300.0 179.0
792 215.0 51.0 108.0 268.0
793 138.0 100.0 267.0 369.0
794 76.0 153.0 190.0 305.0
795 157.0 239.0 140.0 147.0
796 222.0 86.0 151.0 107.0
797 139.0 178.0 168.0 171.0
798 180.0 120.0 158.0 251.0
799 120.0 155.0 174.0 139.0
800 69.0 191.0 136.0 250.0
801 265.0 93.0 197.0 164.0
802 179.0 182.0 190.0 177.0
803 50.0 132.0 330.0 244.0
804 45.0 154.0 123.0 226.0
805 143.0 187.0 137.0 254.0
806 213.0 94.0 189.0 253.0
807 122.0 96.0 131.0 199.0
808 162.0 40.0 122.0 227.0
809 243.0 87.0 180.0 145.0
810 213.0 117.0 106.0 167.0
811 38.0 82.0 179.0 300.0
812 88.0 135.0 169.0 257.0
813 118.0 126.0 224.0 281.0
814 115.0 170.0 108.0 222.0
815 161.0 88.0 257.0 132.0
816 99.0 176.0 152.0 224.0
817 174.0 72.0 143.0 190.0
818 106.0 178.0 132.0 186.0
819 164.0 120.0 234.0 212.0
820 101.0 95.0 222.0 231.0
821 136.0 90.0 100.0 244.0
822 52.0 72.0 218.0 322.0
823 173.0 90.0 195.0 281.0
824 175.0 176.0 159.0 136.0
825 249.0 138.0 145.0 115.0
826 26.0 69.0 388.0 171.0
827 113.0 105.0 341.0 233.0
828 116.0 153.0 218.0 162.0
829 211.0 125.0 227.0 146.0
830 78.0 140.0 214.0 117.0
831 59.0 57.0 434.0 396.0
832 1.0 38.0 439.0 335.0
833 156.0 116.0 158.0 208.0
834 125.0 98.0 209.0 156.0
835 172.0 52.0 184.0 213.0
836 111.0 16.0 249.0 302.0
837 130.0 122.0 307.0 327.0
838 28.0 72.0 339.0 208.0
839 87.0 47.0 378.0 246.0
840 124.0 163.0 211.0 203.0
841 14.0 179.0 193.0 154.0
842 83.0 91.0 310.0 193.0
843 32.0 97.0 207.0 343.0
844 119.0 101.0 255.0 166.0
845 95.0 100.0 251.0 213.0
846 57.0 197.0 114.0 140.0
847 113.0 86.0 378.0 217.0
848 29.0 60.0 403.0 253.0
849 208.0 169.0 108.0 124.0
850 142.0 105.0 223.0 199.0
851 207.0 90.0 106.0 138.0
852 88.0 120.0 227.0 139.0
853 178.0 79.0 262.0 202.0
854 101.0 34.0 387.0 354.0
855 123.0 190.0 265.0 250.0
856 47.0 64.0 399.0 384.0
857 180.0 93.0 262.0 143.0
858 205.0 84.0 289.0 153.0
859 104.0 40.0 289.0 346.0
860 28.0 67.0 372.0 225.0
861 136.0 66.0 349.0 161.0
862 30.0 87.0 278.0 143.0
863 43.0 52.0 258.0 340.0
864 55.0 70.0 334.0 423.0
865 183.0 124.0 162.0 106.0
866 58.0 98.0 314.0 178.0
867 228.0 116.0 143.0 177.0
868 68.0 55.0 388.0 308.0
869 25.0 64.0 366.0 222.0
870 197.0 71.0 119.0 142.0
871 215.0 119.0 158.0 249.0
872 291.0 92.0 108.0 239.0
873 94.0 242.0 167.0 191.0
874 137.0 67.0 175.0 274.0
875 27.0 42.0 376.0 406.0
876 111.0 75.0 193.0 391.0
877 195.0 46.0 264.0 321.0
878 98.0 178.0 152.0 164.0
879 50.0 58.0 224.0 210.0
880 158.0 72.0 174.0 324.0
881 134.0 134.0 221.0 330.0
882 119.0 39.0 295.0 247.0
883 75.0 38.0 386.0 277.0
884 105.0 78.0 207.0 218.0
885 83.0 93.0 132.0 293.0
886 89.0 96.0 286.0 183.0
887 209.0 79.0 139.0 244.0
888 168.0 156.0 102.0 123.0
889 224.0 114.0 121.0 158.0
890 179.0 69.0 160.0 211.0
891 114.0 25.0 192.0 251.0
892 73.0 81.0 241.0 203.0
893 159.0 78.0 190.0 210.0
894 94.0 107.0 154.0 121.0
895 127.0 198.0 127.0 125.0
896 198.0 69.0 234.0 255.0
897 85.0 17.0 334.0 345.0
898 118.0 19.0 354.0 291.0
899 142.0 49.0 166.0 307.0
900 113.0 36.0 311.0 185.0
901 116.0 169.0 156.0 173.0
902 167.0 73.0 194.0 404.0
903 2.0 28.0 467.0 389.0
904 219.0 22.0 270.0 352.0
905 164.0 99.0 323.0 297.0
906 65.0 77.0 316.0 365.0
907 91.0 118.0 185.0 276.0
908 131.0 32.0 309.0 395.0
909 81.0 151.0 257.0 115.0
910 56.0 112.0 293.0 138.0
911 111.0 90.0 276.0 157.0
912 4.0 167.0 186.0 252.0
913 146.0 22.0 201.0 477.0
914 67.0 76.0 161.0 394.0
915 44.0 109.0 207.0 257.0
916 125.0 89.0 374.0 236.0
917 163.0 74.0 122.0 226.0
918 120.0 45.0 370.0 272.0
919 102.0 58.0 217.0 414.0
920 226.0 53.0 196.0 170.0
921 138.0 115.0 280.0 194.0
922 112.0 37.0 231.0 277.0
923 90.0 67.0 286.0 244.0
924 111.0 70.0 204.0 268.0
925 74.0 41.0 241.0 328.0
926 89.0 78.0 383.0 242.0
927 87.0 68.0 384.0 277.0
928 67.0 81.0 215.0 361.0
929 44.0 84.0 166.0 139.0
930 111.0 48.0 349.0 296.0
931 37.0 90.0 357.0 177.0
932 91.0 38.0 396.0 425.0
933 192.0 31.0 205.0 283.0
934 69.0 150.0 225.0 186.0
935 53.0 97.0 238.0 264.0
936 98.0 48.0 260.0 451.0
937 98.0 1.0 349.0 357.0
938 98.0 75.0 401.0 288.0
939 89.0 52.0 335.0 401.0
940 81.0 55.0 287.0 343.0
941 0.0 73.0 341.0 355.0
942 159.0 126.0 157.0 338.0
943 137.0 54.0 186.0 357.0
944 293.0 75.0 141.0 255.0
945 33.0 50.0 171.0 205.0
946 33.0 47.0 282.0 427.0
947 26.0 32.0 415.0 251.0
948 75.0 38.0 203.0 375.0
949 101.0 80.0 262.0 419.0
950 93.0 114.0 316.0 335.0
951 193.0 114.0 224.0 198.0
952 106.0 65.0 157.0 392.0
953 63.0 35.0 134.0 271.0
954 67.0 109.0 222.0 160.0
955 183.0 32.0 211.0 317.0
956 25.0 29.0 135.0 103.0
957 76.0 113.0 377.0 242.0
958 121.0 23.0 241.0 340.0
959 57.0 40.0 194.0 147.0
960 27.0 6.0 148.0 127.0
961 51.0 69.0 316.0 327.0
962 122.0 48.0 218.0 255.0
963 70.0 42.0 202.0 246.0
964 87.0 40.0 322.0 291.0
965 83.0 55.0 288.0 222.0
966 206.0 105.0 119.0 179.0
967 129.0 87.0 286.0 156.0
968 140.0 48.0 259.0 284.0
969 105.0 55.0 286.0 234.0
970 13.0 29.0 276.0 458.0
971 9.0 54.0 301.0 424.0
972 27.0 110.0 242.0 346.0
973 153.0 71.0 317.0 242.0
974 56.0 39.0 217.0 205.0
975 38.0 18.0 208.0 236.0
976 4.0 4.0 142.0 235.0
977 104.0 22.0 208.0 190.0
978 100.0 164.0 103.0 217.0
979 4.0 60.0 397.0 268.0
980 44.0 100.0 253.0 323.0
981 104.0 8.0 238.0 320.0
982 1.0 23.0 307.0 476.0
983 174.0 61.0 109.0 277.0
984 55.0 114.0 320.0 228.0
985 102.0 72.0 175.0 170.0
986 198.0 140.0 100.0 207.0
987 191.0 40.0 155.0 291.0
988 53.0 40.0 243.0 183.0
989 58.0 51.0 247.0 157.0
990 43.0 24.0 222.0 188.0
991 6.0 10.0 337.0 305.0
992 15.0 20.0 383.0 275.0
993 135.0 79.0 174.0 186.0
994 43.0 69.0 330.0 277.0
995 46.0 41.0 163.0 270.0
996 66.0 67.0 268.0 430.0
997 35.0 29.0 179.0 218.0
998 86.0 87.0 201.0 161.0
999 2.0 69.0 457.0 311.0
1000 202.0 69.0 197.0 253.0
1001 75.0 81.0 310.0 311.0
1002 96.0 90.0 148.0 191.0
1003 106.0 62.0 169.0 409.0
1004 112.0 82.0 338.0 321.0
1005 63.0 66.0 197.0 380.0
1006 164.0 124.0 230.0 171.0
1007 146.0 107.0 253.0 152.0
1008 205.0 115.0 140.0 190.0
1009 184.0 94.0 258.0 236.0
1010 151.0 100.0 315.0 202.0
1011 10.0 26.0 365.0 317.0
1012 259.0 67.0 152.0 278.0
1013 213.0 135.0 250.0 184.0
1014 49.0 48.0 355.0 318.0
1015 112.0 76.0 371.0 254.0
1016 183.0 92.0 117.0 108.0
1017 15.0 44.0 465.0 287.0
1018 59.0 124.0 275.0 160.0
1019 133.0 60.0 287.0 257.0
1020 29.0 89.0 332.0 214.0
1021 63.0 100.0 408.0 192.0
1022 153.0 33.0 299.0 336.0
1023 48.0 54.0 451.0 251.0
1024 48.0 20.0 176.0 343.0
1025 65.0 43.0 366.0 268.0
1026 141.0 19.0 216.0 364.0
1027 102.0 87.0 319.0 326.0
1028 49.0 48.0 238.0 410.0
1029 10.0 72.0 430.0 201.0
1030 144.0 127.0 229.0 179.0
1031 173.0 72.0 232.0 203.0
1032 178.0 175.0 247.0 105.0
1033 91.0 63.0 288.0 254.0
1034 135.0 101.0 269.0 220.0
1035 131.0 68.0 246.0 205.0
1036 103.0 65.0 261.0 166.0
1037 179.0 76.0 129.0 216.0
1038 60.0 48.0 256.0 232.0
1039 146.0 130.0 195.0 308.0
1040 232.0 109.0 116.0 256.0
1041 62.0 41.0 176.0 209.0
1042 88.0 64.0 195.0 409.0
1043 146.0 98.0 310.0 312.0
1044 123.0 86.0 191.0 181.0
1045 66.0 64.0 368.0 236.0
1046 148.0 121.0 261.0 133.0
1047 31.0 6.0 414.0 426.0
1048 190.0 13.0 212.0 291.0
1049 86.0 89.0 195.0 341.0
1050 45.0 53.0 349.0 194.0
1051 94.0 86.0 174.0 190.0
1052 46.0 36.0 425.0 271.0
1053 85.0 93.0 377.0 203.0
1054 48.0 93.0 426.0 218.0
1055 92.0 70.0 354.0 194.0
1056 26.0 104.0 344.0 218.0
1057 169.0 121.0 270.0 174.0
1058 80.0 79.0 264.0 213.0
1059 193.0 142.0 161.0 144.0
1060 151.0 130.0 102.0 152.0
1061 142.0 106.0 166.0 229.0
1062 82.0 123.0 277.0 205.0
1063 101.0 121.0 225.0 106.0
1064 99.0 60.0 278.0 293.0
1065 158.0 73.0 236.0 191.0
1066 41.0 76.0 403.0 207.0
1067 91.0 106.0 139.0 303.0
1068 102.0 198.0 184.0 243.0
1069 214.0 83.0 191.0 199.0
1070 28.0 170.0 166.0 300.0
1071 58.0 65.0 175.0 382.0
1072 120.0 88.0 376.0 289.0
1073 40.0 119.0 385.0 232.0
1074 48.0 120.0 190.0 207.0
1075 128.0 36.0 357.0 296.0
1076 131.0 157.0 166.0 158.0
1077 179.0 77.0 185.0 196.0
1078 225.0 48.0 115.0 283.0
1079 62.0 100.0 394.0 232.0
1080 87.0 125.0 231.0 120.0
1081 131.0 123.0 173.0 188.0
1082 73.0 88.0 371.0 164.0
1083 100.0 160.0 194.0 129.0
1084 184.0 140.0 201.0 121.0
1085 127.0 90.0 223.0 132.0
1086 61.0 66.0 303.0 373.0
1087 296.0 93.0 152.0 138.0
1088 142.0 134.0 213.0 236.0
1089 44.0 47.0 195.0 135.0
1090 129.0 149.0 159.0 206.0
1091 128.0 92.0 269.0 180.0
1092 188.0 105.0 158.0 248.0
1093 73.0 62.0 309.0 191.0
1094 91.0 47.0 166.0 274.0
1095 96.0 66.0 200.0 392.0
1096 79.0 61.0 176.0 307.0
1097 129.0 107.0 346.0 155.0
1098 94.0 83.0 230.0 298.0
1099 40.0 191.0 234.0 262.0
1100 105.0 64.0 349.0 201.0
1101 23.0 133.0 282.0 160.0
1102 55.0 161.0 240.0 194.0
1103 98.0 94.0 273.0 198.0
1104 109.0 195.0 149.0 186.0
1105 132.0 46.0 171.0 197.0
1106 223.0 67.0 177.0 166.0
1107 59.0 107.0 295.0 392.0
1108 123.0 18.0 183.0 305.0
1109 25.0 31.0 217.0 241.0
1110 245.0 121.0 166.0 128.0
1111 188.0 74.0 159.0 237.0
1112 205.0 126.0 120.0 139.0
1113 243.0 131.0 135.0 112.0
1114 53.0 98.0 150.0 131.0
1115 199.0 95.0 235.0 221.0
1116 122.0 99.0 162.0 121.0
1117 155.0 176.0 280.0 181.0
1118 145.0 122.0 181.0 141.0
1119 119.0 121.0 294.0 337.0
1120 89.0 38.0 309.0 430.0
1121 26.0 64.0 220.0 411.0
1122 0.0 81.0 404.0 186.0
1123 127.0 92.0 308.0 242.0
1124 231.0 181.0 154.0 115.0
1125 127.0 107.0 132.0 246.0
1126 142.0 61.0 263.0 210.0
1127 309.0 113.0 175.0 162.0
1128 155.0 77.0 158.0 251.0
1129 74.0 156.0 160.0 112.0
1130 14.0 18.0 480.0 270.0
1131 139.0 104.0 228.0 270.0
1132 27.0 83.0 317.0 204.0
1133 78.0 34.0 322.0 301.0
1134 26.0 81.0 272.0 182.0
1135 118.0 121.0 310.0 149.0
1136 153.0 95.0 230.0 242.0
1137 100.0 32.0 337.0 228.0
1138 103.0 82.0 284.0 371.0
1139 90.0 90.0 185.0 237.0
1140 61.0 22.0 427.0 295.0
1141 161.0 106.0 313.0 294.0
1142 7.0 55.0 447.0 278.0
1143 82.0 230.0 142.0 112.0
1144 188.0 99.0 160.0 165.0
1145 128.0 57.0 304.0 283.0
1146 20.0 60.0 390.0 267.0
1147 50.0 28.0 300.0 322.0
1148 21.0 97.0 276.0 202.0
1149 55.0 83.0 333.0 242.0
1150 77.0 97.0 185.0 215.0
1151 65.0 87.0 326.0 188.0
1152 265.0 152.0 180.0 163.0
1153 31.0 39.0 247.0 266.0
1154 28.0 95.0 174.0 214.0
1155 75.0 69.0 397.0 212.0
1156 132.0 88.0 155.0 383.0
1157 91.0 83.0 132.0 197.0
1158 33.0 54.0 422.0 345.0
1159 130.0 132.0 328.0 220.0
1160 165.0 67.0 165.0 279.0
1161 90.0 61.0 261.0 317.0
1162 176.0 98.0 145.0 145.0
1163 218.0 95.0 206.0 182.0
1164 114.0 54.0 353.0 277.0
1165 88.0 110.0 212.0 148.0
1166 25.0 110.0 292.0 186.0
1167 0.0 15.0 401.0 359.0
1168 180.0 88.0 244.0 218.0
1169 154.0 115.0 192.0 157.0
1170 87.0 33.0 344.0 307.0
1171 55.0 21.0 331.0 470.0
1172 60.0 111.0 249.0 140.0
1173 82.0 82.0 286.0 279.0
1174 220.0 179.0 255.0 167.0
1175 49.0 73.0 385.0 322.0
1176 24.0 22.0 465.0 248.0
1177 29.0 43.0 358.0 331.0
1178 140.0 58.0 208.0 229.0
1179 55.0 111.0 237.0 133.0
1180 143.0 130.0 240.0 134.0
1181 44.0 84.0 385.0 267.0
1182 10.0 46.0 468.0 161.0
1183 22.0 49.0 399.0 266.0
1184 50.0 98.0 325.0 238.0
1185 23.0 15.0 333.0 376.0
1186 14.0 13.0 336.0 193.0
1187 62.0 46.0 178.0 172.0
1188 4.0 109.0 276.0 131.0
1189 60.0 105.0 256.0 310.0
1190 39.0 22.0 303.0 262.0
1191 8.0 12.0 341.0 233.0
1192 40.0 74.0 387.0 264.0
1193 2.0 102.0 455.0 211.0
1194 129.0 131.0 212.0 276.0
1195 5.0 9.0 215.0 137.0
1196 44.0 72.0 223.0 101.0
1197 11.0 51.0 345.0 173.0
1198 1.0 50.0 444.0 262.0
1199 50.0 10.0 220.0 232.0
1200 41.0 92.0 310.0 282.0
1201 118.0 64.0 381.0 172.0
1202 29.0 51.0 438.0 281.0
1203 155.0 101.0 216.0 222.0
1204 3.0 40.0 424.0 202.0
1205 163.0 69.0 301.0 251.0
1206 1.0 0.0 420.0 263.0
1207 120.0 72.0 274.0 181.0
1208 25.0 52.0 295.0 216.0
1209 37.0 95.0 441.0 161.0
1210 23.0 76.0 421.0 257.0
1211 9.0 14.0 343.0 274.0
1212 7.0 47.0 324.0 365.0
1213 54.0 60.0 445.0 273.0
1214 16.0 80.0 420.0 199.0
1215 159.0 51.0 264.0 239.0
1216 107.0 61.0 392.0 230.0
1217 1.0 5.0 340.0 234.0
1218 92.0 51.0 440.0 303.0
1219 8.0 12.0 328.0 297.0
1220 82.0 53.0 417.0 304.0
1221 31.0 23.0 447.0 382.0
1222 21.0 74.0 404.0 163.0
1223 8.0 25.0 410.0 307.0
1224 172.0 22.0 202.0 241.0
1225 67.0 43.0 358.0 290.0
1226 2.0 66.0 323.0 388.0
1227 64.0 81.0 344.0 241.0
1228 94.0 72.0 369.0 276.0
1229 1.0 33.0 479.0 340.0
1230 99.0 69.0 300.0 183.0
1231 80.0 55.0 316.0 252.0
1232 25.0 47.0 405.0 147.0
1233 123.0 22.0 210.0 312.0
1234 163.0 40.0 332.0 334.0
1235 41.0 80.0 312.0 298.0
1236 125.0 45.0 199.0 268.0
1237 240.0 131.0 202.0 112.0
1238 153.0 27.0 237.0 265.0
1239 37.0 84.0 342.0 148.0
1240 266.0 27.0 164.0 290.0
1241 68.0 20.0 431.0 356.0
1242 62.0 76.0 387.0 232.0
1243 36.0 28.0 458.0 272.0
1244 145.0 49.0 243.0 179.0
1245 90.0 58.0 175.0 268.0
1246 43.0 38.0 260.0 460.0
1247 14.0 20.0 484.0 220.0
1248 56.0 38.0 369.0 273.0
1249 184.0 170.0 267.0 329.0
1250 113.0 142.0 103.0 170.0
1251 15.0 95.0 425.0 254.0
1252 111.0 123.0 152.0 303.0
1253 160.0 85.0 311.0 247.0
1254 75.0 94.0 295.0 210.0
1255 159.0 63.0 314.0 271.0
1256 94.0 18.0 279.0 481.0
1257 165.0 46.0 178.0 252.0
1258 105.0 83.0 218.0 147.0
1259 62.0 43.0 292.0 175.0
1260 139.0 145.0 165.0 106.0
1261 128.0 19.0 152.0 281.0
1262 92.0 69.0 166.0 388.0
1263 137.0 43.0 175.0 416.0
1264 126.0 31.0 370.0 324.0
1265 59.0 88.0 146.0 361.0
1266 96.0 90.0 341.0 242.0
1267 39.0 42.0 456.0 220.0
1268 222.0 32.0 178.0 331.0
1269 91.0 54.0 407.0 320.0
1270 202.0 41.0 166.0 384.0
1271 33.0 110.0 388.0 264.0
1272 89.0 163.0 207.0 109.0
1273 4.0 71.0 441.0 261.0
1274 72.0 110.0 291.0 184.0
1275 25.0 68.0 217.0 373.0
1276 57.0 114.0 216.0 276.0
1277 165.0 102.0 271.0 206.0
1278 73.0 47.0 320.0 438.0
1279 86.0 86.0 265.0 215.0
1280 246.0 76.0 226.0 184.0
1281 0.0 20.0 356.0 379.0
1282 20.0 27.0 201.0 271.0
1283 39.0 2.0 357.0 349.0
1284 2.0 20.0 413.0 342.0
1285 68.0 104.0 140.0 183.0
1286 96.0 107.0 401.0 392.0
1287 19.0 50.0 322.0 171.0
1288 43.0 110.0 203.0 389.0
1289 141.0 40.0 131.0 268.0
1290 122.0 94.0 323.0 173.0
1291 55.0 29.0 167.0 354.0
1292 45.0 96.0 297.0 192.0
1293 91.0 86.0 193.0 208.0
1294 115.0 91.0 254.0 338.0
1295 188.0 132.0 131.0 239.0
1296 84.0 11.0 167.0 485.0
1297 179.0 104.0 168.0 194.0
1298 94.0 161.0 149.0 246.0
1299 132.0 70.0 243.0 411.0
1300 67.0 94.0 145.0 388.0
1301 135.0 50.0 204.0 121.0
1302 67.0 94.0 145.0 309.0
1303 33.0 32.0 264.0 200.0
1304 206.0 118.0 140.0 186.0
1305 157.0 53.0 126.0 200.0
1306 96.0 62.0 173.0 392.0
1307 19.0 79.0 417.0 231.0
1308 119.0 70.0 282.0 144.0
1309 71.0 79.0 262.0 417.0
1310 39.0 48.0 323.0 371.0
1311 76.0 18.0 172.0 313.0
1312 44.0 47.0 372.0 304.0
1313 68.0 41.0 203.0 428.0
1314 21.0 24.0 212.0 448.0
1315 141.0 53.0 167.0 398.0
1316 125.0 98.0 113.0 158.0
1317 190.0 12.0 116.0 290.0
1318 162.0 20.0 241.0 291.0
1319 24.0 124.0 206.0 225.0
1320 273.0 64.0 120.0 245.0
1321 64.0 119.0 170.0 224.0
1322 30.0 64.0 288.0 225.0
1323 55.0 8.0 156.0 338.0
1324 99.0 63.0 104.0 131.0
1325 46.0 35.0 292.0 235.0
1326 58.0 58.0 180.0 382.0
1327 108.0 74.0 126.0 249.0
1328 78.0 78.0 304.0 165.0
1329 44.0 71.0 199.0 428.0
1330 190.0 122.0 175.0 264.0
1331 177.0 114.0 125.0 218.0
1332 1.0 55.0 165.0 214.0
1333 40.0 110.0 284.0 390.0
1334 82.0 70.0 137.0 308.0
1335 90.0 69.0 120.0 287.0
1336 205.0 5.0 111.0 374.0
1337 75.0 121.0 156.0 324.0
1338 59.0 101.0 162.0 223.0
1339 128.0 136.0 287.0 113.0
1340 224.0 8.0 154.0 324.0
1341 86.0 90.0 188.0 404.0
1342 89.0 56.0 300.0 308.0
1343 69.0 88.0 351.0 170.0
1344 94.0 110.0 217.0 150.0
1345 161.0 24.0 149.0 277.0
1346 54.0 13.0 312.0 482.0
1347 103.0 91.0 287.0 213.0
1348 229.0 35.0 147.0 310.0
1349 47.0 89.0 219.0 201.0
1350 152.0 64.0 187.0 427.0
1351 62.0 64.0 169.0 406.0
1352 131.0 5.0 155.0 306.0
1353 127.0 20.0 176.0 470.0
1354 194.0 98.0 137.0 251.0
1355 89.0 122.0 356.0 127.0
1356 33.0 39.0 331.0 223.0
1357 73.0 106.0 347.0 219.0
1358 71.0 45.0 230.0 343.0
1359 146.0 123.0 143.0 314.0
1360 89.0 38.0 229.0 456.0
1361 16.0 133.0 261.0 347.0
1362 42.0 118.0 247.0 298.0
1363 103.0 91.0 132.0 287.0
1364 158.0 42.0 175.0 390.0
1365 82.0 18.0 233.0 268.0
1366 31.0 54.0 424.0 176.0
1367 17.0 111.0 430.0 174.0
1368 196.0 21.0 191.0 160.0
1369 94.0 21.0 232.0 395.0
1370 58.0 245.0 112.0 179.0
1371 162.0 47.0 256.0 312.0
1372 175.0 37.0 179.0 291.0
1373 125.0 80.0 186.0 338.0
1374 39.0 66.0 392.0 173.0
1375 6.0 82.0 305.0 364.0
1376 107.0 59.0 321.0 147.0
1377 161.0 157.0 188.0 123.0
1378 56.0 86.0 202.0 144.0
1379 172.0 41.0 118.0 263.0
1380 138.0 91.0 285.0 200.0
1381 88.0 137.0 126.0 241.0
1382 45.0 180.0 269.0 249.0
1383 86.0 55.0 263.0 409.0
1384 10.0 35.0 307.0 172.0
1385 176.0 90.0 110.0 121.0
1386 185.0 71.0 166.0 258.0
1387 118.0 122.0 282.0 252.0
1388 61.0 51.0 229.0 343.0
1389 109.0 149.0 330.0 172.0
1390 63.0 81.0 131.0 233.0
1391 10.0 57.0 307.0 273.0
1392 86.0 64.0 179.0 359.0
1393 98.0 58.0 202.0 311.0
1394 156.0 34.0 177.0 290.0
1395 47.0 132.0 278.0 122.0
1396 13.0 24.0 260.0 364.0
1397 192.0 51.0 137.0 318.0
1398 166.0 55.0 173.0 318.0
1399 57.0 34.0 275.0 437.0
1400 144.0 87.0 166.0 264.0
1401 63.0 71.0 387.0 263.0
1402 100.0 69.0 326.0 175.0
1403 0.0 38.0 468.0 290.0
1404 79.0 124.0 225.0 262.0
1405 20.0 105.0 370.0 227.0
1406 160.0 42.0 337.0 295.0
1407 90.0 87.0 349.0 198.0
1408 74.0 111.0 297.0 255.0
1409 38.0 49.0 396.0 448.0
1410 52.0 103.0 225.0 319.0
1411 101.0 63.0 165.0 235.0
1412 36.0 71.0 357.0 284.0
1413 126.0 68.0 151.0 405.0
1414 95.0 72.0 280.0 170.0
1415 172.0 113.0 188.0 167.0
1416 25.0 16.0 183.0 151.0
1417 148.0 62.0 323.0 311.0
1418 78.0 89.0 234.0 167.0
1419 29.0 77.0 391.0 256.0
1420 108.0 117.0 223.0 229.0
1421 140.0 70.0 322.0 284.0
1422 50.0 97.0 325.0 224.0
1423 155.0 123.0 212.0 168.0
1424 12.0 73.0 366.0 175.0
1425 41.0 32.0 304.0 233.0
1426 204.0 123.0 128.0 101.0
1427 85.0 77.0 308.0 318.0
1428 70.0 82.0 206.0 100.0
1429 74.0 97.0 338.0 207.0
1430 69.0 73.0 255.0 125.0
1431 175.0 71.0 242.0 406.0
1432 72.0 73.0 249.0 251.0
1433 156.0 45.0 281.0 268.0
1434 202.0 124.0 130.0 162.0
1435 110.0 126.0 283.0 128.0
1436 5.0 25.0 134.0 186.0
1437 132.0 143.0 183.0 273.0
1438 62.0 10.0 100.0 113.0
1439 216.0 62.0 105.0 200.0
1440 49.0 34.0 169.0 121.0
1441 116.0 77.0 220.0 223.0
1442 99.0 113.0 388.0 232.0
1443 93.0 97.0 233.0 165.0
1444 237.0 64.0 244.0 253.0
1445 105.0 72.0 379.0 300.0
1446 87.0 120.0 248.0 131.0
1447 141.0 31.0 237.0 267.0
1448 167.0 122.0 134.0 115.0
1449 114.0 84.0 168.0 202.0
1450 102.0 90.0 150.0 157.0
1451 164.0 165.0 286.0 188.0
1452 213.0 70.0 226.0 195.0
1453 101.0 87.0 194.0 253.0
1454 57.0 81.0 260.0 167.0
1455 33.0 86.0 266.0 332.0
1456 29.0 79.0 439.0 251.0
1457 169.0 52.0 104.0 122.0
1458 79.0 81.0 238.0 324.0
1459 96.0 123.0 300.0 188.0
1460 131.0 73.0 143.0 399.0
1461 101.0 111.0 170.0 256.0
1462 163.0 72.0 187.0 251.0
1463 109.0 160.0 199.0 122.0
1464 48.0 77.0 192.0 414.0
1465 263.0 127.0 116.0 147.0
1466 123.0 67.0 326.0 253.0
1467 101.0 108.0 188.0 160.0
1468 32.0 126.0 433.0 198.0
1469 170.0 131.0 179.0 113.0
1470 174.0 92.0 214.0 189.0
1471 261.0 127.0 174.0 115.0
1472 75.0 126.0 270.0 182.0
1473 46.0 53.0 320.0 275.0
1474 155.0 99.0 190.0 330.0
1475 140.0 42.0 276.0 304.0
1476 119.0 82.0 156.0 139.0
1477 70.0 92.0 234.0 266.0
1478 121.0 18.0 286.0 335.0
1479 174.0 109.0 132.0 194.0
1480 216.0 56.0 217.0 292.0
1481 99.0 91.0 237.0 202.0
1482 254.0 85.0 198.0 162.0
1483 61.0 106.0 334.0 319.0
1484 113.0 176.0 129.0 164.0
1485 2.0 81.0 371.0 227.0
1486 69.0 103.0 396.0 219.0
1487 179.0 128.0 248.0 236.0
1488 128.0 89.0 336.0 208.0
1489 169.0 107.0 214.0 242.0
1490 31.0 88.0 452.0 239.0
1491 38.0 66.0 323.0 316.0
1492 48.0 32.0 316.0 288.0
1493 30.0 36.0 286.0 306.0
1494 11.0 82.0 451.0 262.0
1495 57.0 44.0 233.0 217.0
1496 59.0 32.0 289.0 409.0
1497 94.0 85.0 265.0 315.0
1498 16.0 55.0 139.0 148.0
1499 23.0 66.0 404.0 251.0
1500 60.0 118.0 274.0 187.0
1501 145.0 86.0 244.0 172.0
1502 140.0 84.0 161.0 131.0
1503 49.0 33.0 276.0 216.0
1504 152.0 74.0 152.0 142.0
1505 65.0 56.0 294.0 134.0
1506 24.0 26.0 225.0 149.0
1507 116.0 122.0 192.0 316.0
1508 93.0 64.0 225.0 179.0
1509 96.0 49.0 368.0 287.0
1510 221.0 120.0 118.0 134.0
1511 27.0 88.0 237.0 173.0
1512 50.0 58.0 243.0 261.0
1513 8.0 57.0 343.0 206.0
1514 47.0 63.0 267.0 247.0
1515 139.0 211.0 158.0 202.0
1516 166.0 70.0 205.0 210.0
1517 174.0 102.0 143.0 134.0
1518 120.0 69.0 268.0 189.0
1519 200.0 152.0 176.0 130.0
1520 49.0 45.0 284.0 248.0
1521 106.0 58.0 290.0 175.0
1522 156.0 56.0 225.0 252.0
1523 153.0 134.0 129.0 285.0
1524 156.0 35.0 187.0 299.0
1525 137.0 79.0 124.0 420.0
1526 282.0 54.0 149.0 355.0
1527 95.0 89.0 149.0 342.0
1528 113.0 17.0 130.0 305.0
1529 120.0 82.0 201.0 211.0
1530 243.0 90.0 108.0 211.0
1531 68.0 124.0 140.0 338.0
1532 256.0 135.0 138.0 221.0
1533 82.0 148.0 189.0 256.0
1534 162.0 128.0 202.0 141.0
1535 154.0 85.0 139.0 371.0
1536 81.0 101.0 158.0 351.0
1537 164.0 117.0 167.0 233.0
1538 182.0 30.0 142.0 273.0
1539 41.0 56.0 260.0 341.0
1540 177.0 90.0 140.0 258.0
1541 189.0 73.0 155.0 267.0
1542 102.0 87.0 177.0 175.0
1543 111.0 58.0 152.0 350.0
1544 80.0 59.0 218.0 321.0
1545 93.0 40.0 189.0 410.0
1546 141.0 156.0 139.0 257.0
1547 107.0 135.0 164.0 290.0
1548 108.0 60.0 242.0 378.0
1549 144.0 86.0 139.0 377.0
1550 130.0 135.0 141.0 364.0
1551 66.0 48.0 228.0 436.0
1552 125.0 104.0 116.0 270.0
1553 194.0 60.0 131.0 312.0
1554 185.0 61.0 150.0 393.0
1555 89.0 149.0 189.0 315.0
1556 183.0 52.0 207.0 408.0
1557 145.0 26.0 214.0 468.0
1558 61.0 49.0 232.0 445.0
1559 116.0 65.0 155.0 385.0
1560 42.0 101.0 331.0 185.0
1561 200.0 155.0 119.0 273.0
1562 17.0 40.0 395.0 238.0
1563 142.0 65.0 221.0 256.0
1564 127.0 55.0 112.0 398.0
1565 88.0 26.0 171.0 454.0
1566 147.0 55.0 164.0 433.0
1567 185.0 146.0 257.0 241.0
1568 175.0 72.0 120.0 253.0
1569 131.0 166.0 141.0 242.0
1570 57.0 84.0 165.0 392.0
1571 74.0 97.0 193.0 402.0
1572 142.0 40.0 140.0 204.0
1573 60.0 28.0 190.0 430.0
1574 164.0 93.0 193.0 121.0
1575 96.0 132.0 109.0 261.0
1576 110.0 14.0 122.0 303.0
1577 151.0 84.0 125.0 370.0
1578 153.0 84.0 210.0 401.0
1579 55.0 86.0 188.0 397.0
1580 83.0 60.0 171.0 440.0
1581 161.0 71.0 181.0 372.0
1582 88.0 55.0 275.0 218.0
1583 173.0 124.0 162.0 132.0
1584 33.0 71.0 415.0 413.0
1585 132.0 130.0 342.0 198.0
1586 73.0 40.0 346.0 283.0
1587 180.0 78.0 317.0 168.0
1588 116.0 75.0 319.0 269.0
1589 82.0 26.0 307.0 415.0
1590 2.0 50.0 373.0 313.0
1591 45.0 112.0 372.0 302.0
1592 29.0 136.0 329.0 168.0
1593 44.0 110.0 289.0 335.0
1594 35.0 29.0 360.0 263.0
1595 6.0 18.0 318.0 321.0
1596 37.0 58.0 272.0 233.0
1597 38.0 61.0 450.0 218.0
1598 0.0 99.0 373.0 359.0
1599 12.0 53.0 399.0 268.0
1600 222.0 117.0 156.0 158.0
1601 156.0 70.0 329.0 183.0
1602 2.0 9.0 355.0 485.0
1603 165.0 39.0 157.0 236.0
1604 60.0 118.0 267.0 130.0
1605 19.0 38.0 427.0 333.0
1606 82.0 65.0 351.0 433.0
1607 67.0 71.0 419.0 233.0
1608 75.0 32.0 418.0 354.0
1609 58.0 80.0 422.0 247.0
1610 71.0 106.0 237.0 293.0
1611 78.0 50.0 266.0 186.0
1612 55.0 57.0 339.0 266.0
1613 229.0 106.0 104.0 106.0
1614 186.0 90.0 244.0 314.0
1615 133.0 22.0 294.0 255.0
1616 118.0 101.0 221.0 167.0
1617 133.0 71.0 244.0 218.0
1618 14.0 51.0 462.0 334.0
1619 73.0 87.0 312.0 246.0
1620 51.0 39.0 380.0 264.0
1621 28.0 29.0 441.0 267.0
1622 76.0 101.0 325.0 162.0
1623 109.0 35.0 377.0 276.0
1624 15.0 60.0 437.0 258.0
1625 182.0 56.0 208.0 266.0
1626 70.0 78.0 278.0 239.0
1627 121.0 24.0 364.0 270.0
1628 11.0 45.0 293.0 320.0
1629 26.0 22.0 438.0 297.0
1630 213.0 58.0 191.0 144.0
1631 195.0 111.0 126.0 171.0
1632 62.0 98.0 251.0 192.0
1633 61.0 49.0 362.0 295.0
1634 88.0 32.0 360.0 286.0
1635 65.0 76.0 433.0 203.0
1636 165.0 58.0 290.0 218.0
1637 213.0 56.0 146.0 205.0
1638 101.0 52.0 347.0 276.0
1639 75.0 53.0 333.0 276.0
1640 32.0 23.0 465.0 351.0
1641 93.0 88.0 266.0 189.0
1642 108.0 11.0 305.0 439.0
1643 156.0 99.0 209.0 145.0
1644 179.0 75.0 125.0 199.0
1645 59.0 69.0 295.0 212.0
1646 50.0 113.0 329.0 219.0
1647 83.0 131.0 223.0 219.0
1648 122.0 92.0 172.0 201.0
1649 99.0 120.0 166.0 144.0
1650 165.0 58.0 226.0 205.0
1651 31.0 20.0 260.0 470.0
1652 61.0 77.0 269.0 198.0
1653 122.0 53.0 260.0 348.0
1654 69.0 19.0 178.0 464.0
1655 186.0 89.0 140.0 188.0
1656 105.0 86.0 302.0 202.0
1657 2.0 123.0 486.0 169.0
1658 23.0 37.0 385.0 461.0
1659 117.0 63.0 266.0 175.0
1660 53.0 51.0 342.0 408.0
1661 27.0 79.0 305.0 373.0
1662 118.0 68.0 263.0 355.0
1663 90.0 22.0 391.0 343.0
1664 186.0 121.0 164.0 131.0
1665 120.0 84.0 167.0 153.0
1666 166.0 73.0 175.0 258.0
1667 92.0 9.0 404.0 324.0
1668 79.0 11.0 312.0 322.0
1669 82.0 113.0 210.0 353.0
1670 183.0 112.0 160.0 145.0
1671 76.0 35.0 348.0 278.0
1672 24.0 18.0 456.0 231.0
1673 154.0 166.0 338.0 198.0
1674 41.0 39.0 384.0 190.0
1675 155.0 124.0 291.0 225.0
1676 27.0 81.0 472.0 318.0
1677 148.0 45.0 181.0 244.0
1678 34.0 85.0 376.0 184.0
1679 73.0 97.0 290.0 178.0
1680 54.0 113.0 345.0 252.0
1681 27.0 80.0 276.0 316.0
1682 32.0 113.0 201.0 317.0
1683 192.0 99.0 132.0 232.0
1684 94.0 77.0 308.0 172.0
1685 173.0 81.0 300.0 200.0
1686 146.0 71.0 218.0 219.0
1687 119.0 84.0 268.0 261.0
1688 176.0 57.0 248.0 252.0
1689 72.0 91.0 274.0 165.0
1690 152.0 80.0 290.0 274.0
1691 131.0 163.0 149.0 118.0
1692 135.0 36.0 266.0 338.0
1693 128.0 107.0 226.0 141.0
1694 197.0 109.0 116.0 164.0
1695 0.0 14.0 331.0 483.0
1696 98.0 46.0 249.0 245.0
1697 153.0 103.0 127.0 261.0
1698 26.0 246.0 255.0 148.0
1699 95.0 113.0 401.0 151.0
1700 70.0 95.0 232.0 154.0
1701 123.0 61.0 362.0 244.0
1702 195.0 80.0 149.0 244.0
1703 172.0 151.0 253.0 194.0
1704 184.0 36.0 307.0 303.0
1705 52.0 55.0 431.0 198.0
1706 14.0 49.0 318.0 146.0
1707 18.0 61.0 400.0 259.0
1708 11.0 79.0 434.0 293.0
1709 15.0 14.0 213.0 474.0
1710 37.0 72.0 360.0 288.0
1711 148.0 81.0 126.0 180.0
1712 139.0 90.0 225.0 268.0
1713 95.0 84.0 222.0 198.0
1714 34.0 183.0 170.0 274.0
1715 106.0 90.0 192.0 363.0
1716 181.0 107.0 110.0 129.0
1717 107.0 85.0 209.0 406.0
1718 6.0 94.0 384.0 206.0
1719 32.0 132.0 300.0 312.0
1720 14.0 101.0 254.0 376.0
1721 28.0 94.0 313.0 350.0
1722 202.0 93.0 151.0 197.0
1723 197.0 104.0 264.0 233.0
1724 107.0 29.0 211.0 345.0
1725 114.0 76.0 144.0 423.0
1726 172.0 61.0 160.0 189.0
1727 119.0 44.0 121.0 331.0
1728 72.0 70.0 111.0 330.0
1729 31.0 148.0 262.0 226.0
1730 73.0 96.0 242.0 279.0
1731 81.0 139.0 203.0 341.0
1732 109.0 76.0 254.0 187.0
1733 190.0 54.0 208.0 299.0
1734 14.0 65.0 381.0 303.0
1735 16.0 22.0 364.0 266.0
1736 42.0 18.0 179.0 152.0
1737 172.0 43.0 177.0 264.0
1738 64.0 64.0 131.0 349.0
1739 164.0 45.0 178.0 329.0
1740 1.0 33.0 282.0 272.0
1741 10.0 121.0 270.0 315.0
1742 35.0 28.0 334.0 455.0
1743 80.0 55.0 287.0 264.0
1744 73.0 22.0 218.0 233.0
1745 80.0 60.0 140.0 329.0
1746 93.0 148.0 161.0 332.0
1747 209.0 53.0 157.0 240.0
1748 58.0 159.0 162.0 299.0
1749 56.0 58.0 285.0 371.0
1750 62.0 165.0 174.0 291.0
1751 66.0 167.0 248.0 282.0
1752 0.0 6.0 294.0 227.0
1753 25.0 69.0 405.0 305.0
1754 125.0 71.0 206.0 219.0
1755 136.0 93.0 161.0 398.0
1756 161.0 75.0 183.0 164.0
1757 80.0 132.0 195.0 354.0
1758 190.0 132.0 207.0 201.0
1759 109.0 84.0 377.0 133.0
1760 90.0 75.0 340.0 177.0
1761 155.0 59.0 199.0 195.0
1762 22.0 49.0 356.0 264.0
1763 65.0 75.0 133.0 226.0
1764 77.0 96.0 300.0 198.0
1765 156.0 84.0 111.0 191.0
1766 48.0 144.0 386.0 354.0
1767 81.0 48.0 124.0 221.0
1768 6.0 7.0 494.0 323.0
1769 14.0 102.0 369.0 194.0
1770 139.0 30.0 138.0 461.0
1771 84.0 79.0 124.0 326.0
1772 124.0 195.0 171.0 251.0
1773 141.0 87.0 196.0 339.0
1774 146.0 117.0 308.0 188.0
1775 198.0 132.0 135.0 156.0
1776 10.0 25.0 449.0 339.0
1777 107.0 88.0 149.0 400.0
1778 156.0 87.0 180.0 184.0
1779 81.0 135.0 240.0 273.0
1780 167.0 30.0 195.0 334.0
1781 28.0 45.0 467.0 260.0
1782 0.0 103.0 316.0 284.0
1783 19.0 91.0 433.0 294.0
1784 21.0 100.0 255.0 249.0
1785 83.0 163.0 252.0 302.0
1786 132.0 36.0 200.0 283.0
1787 286.0 114.0 100.0 197.0
1788 173.0 62.0 169.0 213.0
1789 68.0 70.0 239.0 253.0
1790 39.0 52.0 188.0 430.0
1791 15.0 14.0 108.0 163.0
1792 46.0 111.0 268.0 149.0
1793 34.0 10.0 149.0 195.0
1794 25.0 33.0 269.0 310.0
1795 52.0 43.0 407.0 283.0
1796 23.0 12.0 298.0 333.0
1797 0.0 29.0 482.0 303.0
1798 102.0 39.0 368.0 394.0
1799 35.0 68.0 164.0 185.0
1800 160.0 94.0 105.0 241.0
1801 77.0 35.0 152.0 348.0
1802 1.0 13.0 132.0 159.0
1803 2.0 128.0 405.0 233.0
1804 56.0 63.0 125.0 270.0
1805 125.0 46.0 120.0 180.0
1806 145.0 57.0 298.0 243.0
1807 208.0 39.0 144.0 284.0
1808 68.0 36.0 202.0 178.0
1809 179.0 92.0 152.0 240.0
1810 17.0 39.0 287.0 268.0
1811 67.0 63.0 265.0 422.0
1812 59.0 39.0 124.0 219.0
1813 137.0 95.0 220.0 322.0
1814 48.0 37.0 196.0 414.0
1815 94.0 69.0 269.0 348.0
1816 94.0 138.0 101.0 118.0
1817 205.0 117.0 160.0 206.0
1818 99.0 109.0 262.0 168.0
1819 117.0 116.0 249.0 328.0
1820 33.0 76.0 370.0 190.0
1821 129.0 45.0 236.0 290.0
1822 88.0 79.0 197.0 377.0
1823 163.0 96.0 249.0 121.0
1824 31.0 83.0 465.0 207.0
1825 166.0 227.0 126.0 104.0
1826 74.0 55.0 146.0 202.0
1827 35.0 37.0 175.0 285.0
1828 76.0 54.0 167.0 411.0
1829 109.0 62.0 177.0 437.0
1830 3.0 17.0 474.0 342.0
1831 75.0 123.0 276.0 145.0
1832 164.0 57.0 162.0 294.0
1833 88.0 153.0 106.0 292.0
1834 115.0 87.0 295.0 178.0
1835 185.0 117.0 139.0 219.0
1836 114.0 97.0 154.0 222.0
1837 120.0 159.0 283.0 135.0
1838 0.0 120.0 397.0 213.0
1839 59.0 113.0 297.0 181.0
1840 88.0 68.0 117.0 128.0
1841 67.0 61.0 423.0 329.0
1842 28.0 53.0 443.0 197.0
1843 71.0 124.0 196.0 327.0
1844 164.0 134.0 198.0 151.0
1845 80.0 114.0 249.0 313.0
1846 124.0 60.0 306.0 263.0
1847 131.0 190.0 207.0 273.0
1848 149.0 67.0 202.0 158.0
1849 120.0 169.0 119.0 238.0
1850 203.0 117.0 147.0 334.0
1851 170.0 94.0 195.0 252.0
1852 216.0 130.0 161.0 160.0
1853 110.0 78.0 164.0 379.0
1854 90.0 47.0 356.0 178.0
1855 31.0 90.0 252.0 382.0
1856 84.0 46.0 274.0 388.0
1857 35.0 88.0 267.0 320.0
1858 82.0 115.0 271.0 193.0
1859 105.0 24.0 219.0 258.0
1860 117.0 74.0 128.0 177.0
1861 71.0 51.0 163.0 435.0
1862 188.0 143.0 140.0 161.0
1863 133.0 68.0 193.0 195.0
1864 98.0 138.0 106.0 274.0
1865 46.0 1.0 316.0 220.0
1866 118.0 71.0 184.0 292.0
1867 104.0 112.0 200.0 157.0
1868 123.0 90.0 188.0 388.0
1869 102.0 176.0 112.0 225.0
1870 65.0 26.0 143.0 439.0
1871 210.0 125.0 112.0 208.0
1872 68.0 86.0 257.0 376.0
1873 168.0 106.0 222.0 266.0
1874 56.0 100.0 146.0 109.0
1875 101.0 142.0 245.0 173.0
1876 146.0 136.0 252.0 261.0
1877 17.0 136.0 336.0 162.0
1878 99.0 97.0 248.0 398.0
1879 27.0 72.0 375.0 205.0
1880 48.0 161.0 161.0 188.0
1881 35.0 67.0 317.0 285.0
1882 178.0 217.0 218.0 204.0
1883 140.0 74.0 278.0 197.0
1884 181.0 53.0 239.0 193.0
1885 113.0 68.0 277.0 360.0
1886 157.0 27.0 171.0 257.0
1887 154.0 37.0 307.0 247.0
1888 39.0 27.0 272.0 265.0
1889 97.0 36.0 361.0 430.0
1890 188.0 144.0 116.0 136.0
1891 214.0 78.0 234.0 185.0
1892 143.0 91.0 266.0 249.0
1893 43.0 50.0 306.0 258.0
1894 40.0 62.0 168.0 140.0
1895 104.0 74.0 372.0 218.0
1896 67.0 72.0 205.0 363.0
1897 4.0 12.0 244.0 241.0
1898 126.0 44.0 342.0 267.0
1899 135.0 52.0 283.0 300.0
1900 38.0 63.0 212.0 126.0
1901 36.0 71.0 386.0 208.0
1902 143.0 13.0 167.0 265.0
1903 137.0 100.0 262.0 362.0
1904 26.0 68.0 360.0 404.0
1905 83.0 69.0 284.0 320.0
1906 76.0 50.0 204.0 235.0
1907 84.0 31.0 183.0 193.0
1908 20.0 40.0 400.0 189.0
1909 64.0 47.0 312.0 145.0
1910 166.0 122.0 272.0 309.0
1911 146.0 76.0 341.0 274.0
1912 3.0 74.0 417.0 275.0
1913 221.0 58.0 191.0 254.0
1914 19.0 26.0 365.0 300.0
1915 79.0 128.0 264.0 108.0
1916 165.0 146.0 255.0 136.0
1917 99.0 36.0 395.0 340.0
1918 113.0 76.0 267.0 205.0
1919 38.0 28.0 284.0 325.0
1920 105.0 53.0 394.0 243.0
1921 80.0 134.0 190.0 121.0
1922 131.0 62.0 347.0 306.0
1923 147.0 93.0 137.0 184.0
1924 70.0 117.0 306.0 201.0
1925 21.0 66.0 430.0 225.0
1926 166.0 94.0 257.0 228.0
1927 52.0 48.0 247.0 426.0
1928 41.0 164.0 236.0 235.0
1929 54.0 137.0 257.0 146.0
1930 201.0 113.0 298.0 154.0
1931 68.0 157.0 298.0 153.0
1932 141.0 106.0 120.0 119.0
1933 221.0 108.0 191.0 130.0
1934 178.0 83.0 174.0 257.0
1935 55.0 63.0 241.0 379.0
1936 102.0 29.0 245.0 270.0
1937 100.0 83.0 396.0 244.0
1938 175.0 103.0 307.0 176.0
1939 76.0 57.0 270.0 278.0
1940 254.0 60.0 204.0 251.0
1941 168.0 34.0 274.0 249.0
1942 113.0 121.0 307.0 269.0
1943 224.0 23.0 275.0 154.0
1944 69.0 24.0 409.0 294.0
1945 75.0 33.0 318.0 361.0
1946 126.0 80.0 191.0 112.0
1947 31.0 66.0 414.0 221.0
1948 24.0 36.0 429.0 243.0
1949 106.0 37.0 145.0 281.0
1950 141.0 97.0 272.0 261.0
1951 1.0 59.0 368.0 279.0
1952 154.0 130.0 189.0 280.0
1953 35.0 113.0 314.0 241.0
1954 59.0 97.0 382.0 183.0
1955 111.0 65.0 169.0 226.0
1956 110.0 165.0 153.0 153.0
1957 1.0 84.0 338.0 291.0
1958 256.0 85.0 215.0 228.0
1959 190.0 47.0 111.0 258.0
1960 48.0 91.0 255.0 194.0
1961 214.0 99.0 233.0 144.0
1962 17.0 62.0 396.0 240.0
1963 67.0 72.0 403.0 249.0
1964 48.0 108.0 297.0 177.0
1965 88.0 32.0 243.0 235.0
1966 1.0 89.0 400.0 244.0
1967 125.0 108.0 172.0 151.0
1968 73.0 75.0 230.0 349.0
1969 71.0 70.0 262.0 234.0
1970 106.0 69.0 259.0 284.0
1971 128.0 57.0 299.0 273.0
1972 103.0 83.0 176.0 185.0
1973 100.0 136.0 281.0 210.0
1974 15.0 95.0 414.0 216.0
1975 56.0 59.0 264.0 216.0
1976 33.0 36.0 323.0 263.0
1977 135.0 253.0 113.0 114.0
1978 158.0 44.0 261.0 295.0
1979 148.0 91.0 351.0 231.0
1980 18.0 147.0 312.0 173.0
1981 150.0 65.0 186.0 220.0
1982 90.0 44.0 368.0 277.0
1983 131.0 43.0 259.0 322.0
1984 232.0 120.0 105.0 131.0
1985 66.0 61.0 183.0 349.0
1986 55.0 104.0 245.0 306.0
1987 49.0 120.0 181.0 102.0
1988 115.0 116.0 141.0 226.0
1989 114.0 48.0 177.0 117.0
1990 129.0 96.0 168.0 215.0
1991 118.0 97.0 177.0 184.0
1992 94.0 119.0 353.0 180.0
1993 116.0 140.0 136.0 331.0
1994 71.0 119.0 374.0 273.0
1995 45.0 38.0 291.0 237.0
1996 45.0 58.0 340.0 262.0
1997 151.0 77.0 148.0 285.0
1998 96.0 134.0 277.0 267.0
1999 175.0 51.0 174.0 278.0
2000 42.0 83.0 374.0 234.0
2001 110.0 19.0 236.0 292.0
2002 67.0 54.0 351.0 388.0
2003 71.0 64.0 161.0 397.0
2004 5.0 126.0 256.0 186.0
2005 6.0 104.0 352.0 330.0
2006 195.0 103.0 225.0 169.0
2007 193.0 91.0 135.0 304.0
2008 24.0 31.0 369.0 316.0
2009 180.0 33.0 260.0 293.0
2010 88.0 124.0 287.0 175.0
2011 56.0 67.0 164.0 389.0
2012 197.0 101.0 207.0 162.0
2013 71.0 57.0 200.0 421.0
2014 69.0 24.0 188.0 462.0
2015 94.0 98.0 256.0 366.0
2016 108.0 145.0 101.0 191.0
2017 50.0 191.0 226.0 171.0
2018 148.0 88.0 229.0 286.0
2019 200.0 73.0 170.0 359.0
2020 107.0 129.0 239.0 252.0
2021 57.0 87.0 333.0 187.0
2022 5.0 20.0 487.0 308.0
2023 51.0 69.0 447.0 260.0
2024 175.0 140.0 112.0 145.0
2025 88.0 80.0 201.0 337.0
2026 73.0 134.0 279.0 256.0
2027 113.0 67.0 156.0 318.0
2028 118.0 57.0 365.0 212.0
2029 58.0 121.0 283.0 249.0
2030 5.0 89.0 408.0 228.0
2031 218.0 157.0 124.0 176.0
2032 44.0 112.0 271.0 250.0
2033 63.0 108.0 303.0 197.0
2034 23.0 43.0 268.0 262.0
2035 24.0 45.0 346.0 290.0
2036 83.0 54.0 182.0 421.0
2037 48.0 83.0 225.0 233.0
2038 206.0 15.0 267.0 154.0
2039 249.0 153.0 239.0 208.0
2040 68.0 111.0 260.0 359.0
2041 195.0 79.0 167.0 378.0
2042 101.0 79.0 205.0 395.0
2043 21.0 72.0 293.0 228.0
2044 49.0 38.0 342.0 434.0
2045 51.0 103.0 237.0 205.0
2046 53.0 17.0 373.0 315.0
2047 56.0 78.0 177.0 395.0
2048 113.0 209.0 136.0 145.0
2049 39.0 41.0 375.0 236.0
2050 123.0 75.0 236.0 181.0
2051 93.0 64.0 201.0 404.0
2052 117.0 139.0 356.0 316.0
2053 199.0 98.0 107.0 145.0
2054 182.0 109.0 136.0 149.0
2055 118.0 117.0 113.0 120.0
2056 193.0 117.0 236.0 182.0
2057 43.0 91.0 424.0 239.0
2058 78.0 193.0 117.0 198.0
2059 130.0 35.0 272.0 271.0
2060 120.0 31.0 263.0 227.0
2061 59.0 113.0 146.0 130.0
2062 195.0 31.0 238.0 178.0
2063 96.0 47.0 192.0 277.0
2064 131.0 41.0 129.0 253.0
2065 162.0 96.0 157.0 217.0
2066 7.0 0.0 396.0 231.0
2067 41.0 41.0 217.0 432.0
2068 155.0 94.0 140.0 223.0
2069 216.0 68.0 187.0 276.0
2070 80.0 90.0 192.0 239.0
2071 166.0 98.0 300.0 324.0
2072 16.0 28.0 176.0 126.0
2073 150.0 78.0 184.0 218.0
2074 44.0 97.0 227.0 190.0
2075 99.0 91.0 286.0 172.0
2076 99.0 48.0 149.0 173.0
2077 88.0 88.0 289.0 144.0
2078 120.0 36.0 123.0 245.0
2079 110.0 44.0 141.0 119.0
2080 52.0 45.0 234.0 431.0
2081 19.0 49.0 459.0 371.0
2082 182.0 45.0 227.0 276.0
2083 90.0 18.0 224.0 444.0
2084 198.0 151.0 193.0 133.0
2085 40.0 87.0 411.0 359.0
2086 99.0 31.0 119.0 213.0
2087 70.0 55.0 286.0 313.0
2088 25.0 134.0 225.0 292.0
2089 135.0 57.0 153.0 283.0
2090 11.0 25.0 122.0 117.0
2091 75.0 131.0 230.0 235.0
2092 224.0 54.0 234.0 247.0
2093 188.0 81.0 152.0 379.0
2094 139.0 51.0 259.0 310.0
2095 65.0 66.0 207.0 392.0
2096 14.0 23.0 432.0 461.0
2097 183.0 35.0 205.0 279.0
2098 49.0 166.0 204.0 222.0
2099 92.0 80.0 247.0 234.0
2100 82.0 82.0 228.0 357.0
2101 75.0 94.0 253.0 178.0
2102 195.0 76.0 149.0 197.0
2103 30.0 118.0 253.0 216.0
2104 126.0 101.0 243.0 208.0
2105 24.0 64.0 466.0 267.0
2106 92.0 18.0 122.0 196.0
2107 113.0 70.0 171.0 336.0
2108 16.0 26.0 225.0 257.0
2109 144.0 24.0 226.0 453.0
2110 143.0 69.0 155.0 150.0
2111 234.0 170.0 219.0 204.0
2112 47.0 66.0 354.0 235.0
2113 221.0 125.0 117.0 108.0
2114 167.0 133.0 185.0 306.0
2115 152.0 79.0 212.0 250.0
2116 63.0 50.0 374.0 302.0
2117 145.0 103.0 323.0 190.0
2118 74.0 100.0 273.0 372.0
2119 72.0 24.0 376.0 459.0
2120 173.0 65.0 232.0 266.0
2121 51.0 129.0 225.0 250.0
2122 127.0 128.0 124.0 331.0
2123 68.0 42.0 354.0 434.0
2124 105.0 117.0 179.0 265.0
2125 49.0 38.0 349.0 410.0
2126 112.0 121.0 374.0 165.0
2127 72.0 82.0 159.0 384.0
2128 94.0 40.0 356.0 277.0
2129 184.0 111.0 134.0 191.0
2130 16.0 46.0 456.0 282.0
2131 203.0 109.0 196.0 138.0
2132 132.0 79.0 257.0 318.0
2133 193.0 188.0 194.0 163.0
2134 109.0 90.0 123.0 176.0
2135 121.0 110.0 240.0 282.0
2136 155.0 52.0 161.0 192.0
2137 124.0 118.0 179.0 213.0
2138 125.0 115.0 153.0 236.0
2139 221.0 186.0 156.0 245.0
2140 30.0 106.0 360.0 290.0
2141 53.0 78.0 174.0 274.0
2142 109.0 101.0 201.0 259.0
2143 154.0 110.0 199.0 179.0
2144 90.0 62.0 278.0 387.0
2145 146.0 35.0 155.0 301.0
2146 107.0 130.0 150.0 208.0
2147 166.0 100.0 317.0 186.0
2148 88.0 85.0 346.0 194.0
2149 21.0 215.0 255.0 191.0
2150 213.0 47.0 215.0 266.0
2151 265.0 113.0 115.0 231.0
2152 39.0 27.0 329.0 448.0
2153 19.0 57.0 337.0 431.0
2154 70.0 92.0 300.0 392.0
2155 272.0 138.0 132.0 130.0
2156 76.0 115.0 212.0 290.0
2157 85.0 81.0 202.0 325.0
2158 12.0 89.0 365.0 318.0
2159 34.0 43.0 329.0 447.0
2160 37.0 44.0 280.0 371.0
2161 35.0 99.0 223.0 345.0
2162 147.0 93.0 160.0 302.0
2163 182.0 80.0 182.0 151.0
2164 78.0 14.0 260.0 485.0
2165 161.0 62.0 121.0 385.0
2166 137.0 97.0 130.0 240.0
2167 115.0 100.0 193.0 245.0
2168 44.0 81.0 282.0 364.0
2169 38.0 108.0 366.0 274.0
2170 55.0 93.0 277.0 196.0
2171 35.0 11.0 350.0 408.0
2172 54.0 84.0 191.0 256.0
2173 66.0 65.0 237.0 350.0
2174 103.0 45.0 245.0 425.0
2175 86.0 129.0 172.0 194.0
2176 93.0 105.0 234.0 301.0
2177 122.0 114.0 145.0 324.0
2178 30.0 123.0 255.0 346.0
2179 193.0 71.0 195.0 306.0
2180 184.0 109.0 123.0 279.0
2181 171.0 122.0 148.0 227.0
2182 37.0 118.0 172.0 151.0
2183 62.0 67.0 259.0 382.0
2184 111.0 139.0 190.0 309.0
2185 130.0 73.0 216.0 369.0
2186 141.0 163.0 112.0 246.0
2187 97.0 143.0 105.0 230.0
2188 161.0 54.0 101.0 200.0
2189 248.0 47.0 160.0 317.0
2190 206.0 147.0 115.0 175.0
2191 151.0 98.0 276.0 221.0
2192 140.0 65.0 323.0 396.0
2193 145.0 107.0 209.0 261.0
2194 169.0 93.0 167.0 317.0
2195 158.0 129.0 147.0 299.0
2196 195.0 110.0 163.0 353.0
2197 113.0 85.0 147.0 226.0
2198 7.0 8.0 275.0 484.0
2199 152.0 91.0 300.0 188.0
2200 184.0 96.0 132.0 234.0
2201 134.0 111.0 186.0 223.0
2202 136.0 58.0 205.0 205.0
2203 179.0 51.0 129.0 229.0
2204 165.0 145.0 169.0 112.0
2205 172.0 86.0 161.0 208.0
2206 70.0 35.0 343.0 272.0
2207 93.0 136.0 231.0 345.0
2208 72.0 54.0 222.0 413.0
2209 69.0 27.0 414.0 418.0
2210 102.0 94.0 221.0 220.0
2211 69.0 94.0 299.0 245.0
2212 4.0 113.0 150.0 157.0
2213 125.0 101.0 191.0 287.0
2214 154.0 52.0 143.0 295.0
2215 221.0 68.0 199.0 289.0
2216 101.0 95.0 193.0 332.0
2217 57.0 85.0 335.0 313.0
2218 132.0 94.0 130.0 271.0
2219 198.0 35.0 120.0 249.0
2220 136.0 108.0 178.0 183.0
2221 100.0 86.0 142.0 349.0
2222 132.0 115.0 229.0 237.0
2223 124.0 151.0 212.0 309.0
2224 161.0 197.0 150.0 154.0
2225 95.0 153.0 256.0 225.0
2226 108.0 65.0 325.0 292.0
2227 16.0 80.0 217.0 259.0
2228 147.0 73.0 187.0 256.0
2229 218.0 129.0 279.0 140.0
2230 98.0 176.0 191.0 144.0
2231 78.0 69.0 305.0 403.0
2232 179.0 32.0 170.0 284.0
2233 91.0 88.0 210.0 280.0
2234 223.0 56.0 216.0 309.0
2235 114.0 86.0 263.0 376.0
2236 112.0 128.0 106.0 253.0
2237 129.0 88.0 101.0 137.0
2238 111.0 66.0 103.0 218.0
2239 25.0 117.0 310.0 273.0
2240 122.0 85.0 150.0 376.0
2241 124.0 101.0 288.0 294.0
2242 38.0 47.0 461.0 285.0
2243 196.0 134.0 163.0 193.0
2244 154.0 84.0 205.0 242.0
2245 139.0 55.0 204.0 244.0
2246 171.0 85.0 131.0 231.0
2247 315.0 118.0 102.0 207.0
2248 92.0 83.0 302.0 227.0
2249 142.0 127.0 164.0 200.0
2250 104.0 133.0 153.0 320.0
2251 121.0 107.0 162.0 236.0
2252 124.0 109.0 267.0 147.0
2253 69.0 56.0 146.0 385.0
2254 156.0 83.0 168.0 241.0
2255 273.0 102.0 122.0 144.0
2256 167.0 77.0 244.0 162.0
2257 137.0 89.0 142.0 280.0
2258 145.0 52.0 161.0 447.0
2259 158.0 103.0 142.0 152.0
2260 171.0 31.0 150.0 283.0
2261 33.0 97.0 223.0 351.0
2262 168.0 181.0 110.0 138.0
2263 199.0 100.0 123.0 181.0
2264 96.0 117.0 182.0 231.0
2265 133.0 127.0 108.0 225.0
2266 40.0 32.0 361.0 345.0
2267 150.0 76.0 226.0 206.0
2268 78.0 112.0 163.0 372.0
2269 35.0 42.0 139.0 238.0
2270 198.0 88.0 299.0 148.0
2271 47.0 44.0 175.0 252.0
2272 101.0 100.0 143.0 272.0
2273 111.0 47.0 102.0 315.0
2274 146.0 65.0 257.0 411.0
2275 263.0 87.0 113.0 306.0
2276 79.0 43.0 329.0 412.0
2277 143.0 93.0 286.0 199.0
2278 156.0 65.0 132.0 243.0
2279 81.0 93.0 146.0 310.0
2280 88.0 37.0 274.0 418.0
2281 59.0 66.0 292.0 260.0
2282 21.0 60.0 312.0 190.0
2283 67.0 93.0 145.0 329.0
2284 112.0 34.0 150.0 390.0
2285 195.0 24.0 200.0 433.0
2286 179.0 128.0 128.0 175.0
2287 134.0 118.0 140.0 240.0
2288 21.0 39.0 186.0 282.0
2289 145.0 123.0 126.0 277.0
2290 97.0 53.0 313.0 210.0
2291 87.0 47.0 310.0 253.0
2292 196.0 71.0 136.0 104.0
2293 269.0 163.0 147.0 153.0
2294 124.0 88.0 369.0 197.0
2295 92.0 81.0 266.0 229.0
2296 242.0 139.0 119.0 189.0
2297 152.0 26.0 285.0 270.0
2298 205.0 50.0 154.0 320.0
2299 113.0 91.0 139.0 316.0
2300 48.0 131.0 256.0 288.0
2301 103.0 103.0 208.0 174.0
2302 137.0 111.0 225.0 118.0
2303 141.0 143.0 189.0 146.0
2304 192.0 68.0 179.0 194.0
2305 173.0 111.0 323.0 210.0
2306 88.0 99.0 387.0 165.0
2307 4.0 44.0 429.0 247.0
2308 102.0 128.0 184.0 282.0
2309 61.0 69.0 187.0 264.0
2310 75.0 85.0 114.0 267.0
2311 184.0 134.0 202.0 133.0
2312 57.0 98.0 303.0 124.0
2313 22.0 97.0 338.0 289.0
2314 193.0 150.0 217.0 112.0
2315 22.0 70.0 437.0 301.0
2316 33.0 90.0 201.0 124.0
2317 52.0 142.0 290.0 129.0
2318 89.0 66.0 305.0 158.0
2319 124.0 177.0 269.0 156.0
2320 60.0 126.0 112.0 100.0
2321 33.0 119.0 244.0 332.0
2322 59.0 125.0 310.0 143.0
2323 85.0 49.0 391.0 221.0
2324 70.0 74.0 403.0 166.0
2325 78.0 41.0 340.0 270.0
2326 139.0 83.0 319.0 139.0
2327 126.0 126.0 343.0 215.0
2328 25.0 73.0 344.0 186.0
2329 140.0 130.0 296.0 149.0
2330 129.0 13.0 344.0 299.0
2331 87.0 105.0 376.0 129.0
2332 113.0 55.0 184.0 184.0
2333 104.0 71.0 333.0 284.0
2334 100.0 87.0 334.0 118.0
2335 111.0 94.0 231.0 239.0
2336 293.0 242.0 124.0 176.0
2337 59.0 124.0 305.0 170.0
2338 151.0 68.0 151.0 196.0
2339 116.0 120.0 304.0 220.0
2340 15.0 82.0 328.0 151.0
2341 106.0 76.0 197.0 236.0
2342 38.0 144.0 218.0 255.0
2343 136.0 87.0 196.0 108.0
2344 131.0 154.0 238.0 345.0
2345 10.0 121.0 380.0 140.0
2346 51.0 94.0 354.0 251.0
2347 109.0 87.0 198.0 147.0
2348 92.0 84.0 374.0 265.0
2349 1.0 104.0 280.0 299.0
2350 164.0 132.0 141.0 118.0
2351 96.0 75.0 224.0 333.0
2352 145.0 127.0 277.0 186.0
2353 121.0 149.0 144.0 146.0
2354 95.0 168.0 140.0 104.0
2355 163.0 169.0 169.0 136.0
2356 173.0 69.0 187.0 245.0
2357 170.0 65.0 304.0 253.0
2358 164.0 187.0 210.0 166.0
2359 48.0 112.0 258.0 271.0
2360 27.0 160.0 254.0 154.0
2361 186.0 76.0 162.0 155.0
2362 201.0 135.0 121.0 154.0
2363 220.0 62.0 200.0 191.0
2364 151.0 68.0 321.0 243.0
2365 56.0 89.0 314.0 314.0
2366 106.0 93.0 110.0 123.0
2367 157.0 52.0 230.0 263.0
2368 138.0 58.0 225.0 240.0
2369 192.0 49.0 267.0 259.0
2370 170.0 127.0 109.0 122.0
2371 163.0 94.0 151.0 194.0
2372 45.0 36.0 229.0 209.0
2373 179.0 68.0 117.0 142.0
2374 62.0 156.0 136.0 129.0
2375 41.0 67.0 340.0 306.0
2376 103.0 102.0 200.0 191.0
2377 261.0 108.0 134.0 133.0
2378 105.0 80.0 217.0 149.0
2379 80.0 43.0 383.0 252.0
2380 98.0 42.0 309.0 229.0
2381 157.0 54.0 314.0 160.0
2382 167.0 85.0 242.0 244.0
2383 161.0 81.0 190.0 160.0
2384 76.0 101.0 214.0 330.0
2385 175.0 68.0 290.0 297.0
2386 18.0 36.0 457.0 354.0
2387 146.0 60.0 156.0 134.0
2388 183.0 146.0 106.0 248.0
2389 130.0 40.0 204.0 278.0
2390 132.0 111.0 160.0 150.0
2391 203.0 78.0 226.0 151.0
2392 39.0 102.0 230.0 306.0
2393 235.0 80.0 255.0 179.0
2394 79.0 26.0 332.0 270.0
2395 25.0 72.0 220.0 144.0
2396 169.0 64.0 271.0 281.0
2397 231.0 118.0 174.0 271.0
2398 11.0 55.0 305.0 343.0
2399 74.0 66.0 259.0 383.0
2400 201.0 119.0 165.0 121.0
2401 88.0 153.0 201.0 160.0
2402 174.0 83.0 176.0 167.0
2403 30.0 102.0 241.0 237.0
2404 207.0 120.0 216.0 306.0
2405 38.0 55.0 365.0 307.0
2406 106.0 40.0 378.0 282.0
2407 179.0 74.0 137.0 255.0
2408 199.0 116.0 121.0 141.0
2409 82.0 37.0 137.0 166.0
2410 83.0 38.0 395.0 333.0
2411 106.0 153.0 183.0 153.0
2412 64.0 34.0 260.0 453.0
2413 94.0 121.0 285.0 251.0
2414 94.0 109.0 237.0 329.0
2415 139.0 68.0 115.0 224.0
2416 136.0 77.0 105.0 189.0
2417 100.0 125.0 256.0 276.0
2418 180.0 36.0 167.0 318.0
2419 52.0 25.0 217.0 211.0
2420 85.0 68.0 216.0 393.0
2421 112.0 146.0 155.0 235.0
2422 24.0 40.0 223.0 199.0
2423 109.0 135.0 247.0 257.0
2424 170.0 56.0 151.0 393.0
2425 166.0 140.0 112.0 132.0
2426 49.0 16.0 255.0 272.0
2427 77.0 10.0 383.0 422.0
2428 188.0 75.0 226.0 294.0
2429 63.0 61.0 187.0 287.0
2430 107.0 47.0 172.0 280.0
2431 60.0 125.0 186.0 298.0
2432 136.0 76.0 136.0 373.0
2433 73.0 45.0 240.0 321.0
2434 82.0 39.0 185.0 223.0
2435 27.0 116.0 232.0 300.0
2436 199.0 111.0 195.0 196.0
2437 13.0 17.0 485.0 286.0
2438 48.0 128.0 201.0 326.0
2439 85.0 26.0 123.0 156.0
2440 19.0 28.0 256.0 398.0
2441 39.0 61.0 244.0 348.0
2442 151.0 124.0 198.0 104.0
2443 307.0 27.0 118.0 253.0
2444 99.0 72.0 198.0 333.0
2445 12.0 26.0 111.0 172.0
2446 171.0 98.0 213.0 267.0
2447 35.0 38.0 197.0 222.0
2448 166.0 120.0 126.0 321.0
2449 39.0 49.0 127.0 221.0
2450 191.0 80.0 161.0 192.0
2451 152.0 24.0 244.0 453.0
2452 136.0 93.0 109.0 177.0
2453 71.0 50.0 190.0 291.0
2454 68.0 213.0 158.0 110.0
2455 177.0 116.0 153.0 218.0
2456 154.0 82.0 156.0 245.0
2457 294.0 206.0 126.0 200.0
2458 121.0 159.0 114.0 179.0
2459 28.0 46.0 439.0 283.0
2460 0.0 49.0 438.0 282.0
2461 1.0 47.0 405.0 249.0
2462 159.0 93.0 259.0 193.0
2463 255.0 65.0 144.0 238.0
2464 163.0 70.0 248.0 315.0
2465 231.0 49.0 132.0 250.0
2466 196.0 62.0 145.0 263.0
2467 134.0 140.0 161.0 288.0
2468 144.0 138.0 255.0 249.0
2469 37.0 58.0 283.0 173.0
2470 62.0 5.0 309.0 367.0
2471 143.0 102.0 352.0 207.0
2472 29.0 25.0 442.0 437.0
2473 16.0 186.0 201.0 174.0
2474 72.0 1.0 399.0 251.0
2475 154.0 49.0 268.0 212.0
2476 84.0 69.0 176.0 176.0
2477 226.0 37.0 154.0 310.0
2478 23.0 132.0 199.0 293.0
2479 1.0 91.0 341.0 356.0
2480 2.0 14.0 439.0 318.0
2481 4.0 63.0 335.0 383.0
2482 53.0 22.0 369.0 280.0
2483 87.0 76.0 276.0 297.0
2484 79.0 40.0 210.0 226.0
2485 192.0 99.0 116.0 271.0
2486 30.0 103.0 314.0 171.0
2487 3.0 49.0 376.0 282.0
2488 95.0 102.0 194.0 306.0
2489 33.0 19.0 404.0 236.0
2490 67.0 86.0 372.0 154.0
2491 35.0 62.0 448.0 218.0
2492 133.0 34.0 338.0 285.0
2493 51.0 7.0 185.0 316.0
2494 159.0 2.0 340.0 186.0
2495 118.0 62.0 245.0 274.0
2496 0.0 49.0 372.0 256.0
2497 88.0 2.0 336.0 308.0
2498 58.0 2.0 194.0 366.0
2499 7.0 65.0 408.0 245.0
2500 141.0 130.0 134.0 220.0
2501 128.0 138.0 127.0 133.0
2502 128.0 63.0 260.0 308.0
2503 0.0 50.0 406.0 193.0
2504 55.0 37.0 396.0 361.0
2505 0.0 8.0 456.0 389.0
2506 1.0 30.0 442.0 302.0
2507 116.0 90.0 116.0 203.0
2508 24.0 52.0 331.0 347.0
2509 101.0 144.0 131.0 329.0
2510 20.0 78.0 358.0 369.0
2511 70.0 132.0 337.0 227.0
2512 52.0 48.0 447.0 177.0
2513 135.0 76.0 162.0 177.0
2514 10.0 138.0 480.0 113.0
2515 2.0 69.0 427.0 258.0
2516 161.0 84.0 232.0 180.0
2517 175.0 64.0 116.0 155.0
2518 105.0 31.0 290.0 105.0
2519 52.0 25.0 246.0 272.0
2520 209.0 95.0 112.0 165.0
2521 262.0 77.0 173.0 222.0
2522 135.0 64.0 266.0 185.0
2523 55.0 90.0 361.0 123.0
2524 14.0 61.0 457.0 268.0
2525 0.0 127.0 499.0 170.0
2526 97.0 130.0 372.0 153.0
2527 3.0 2.0 494.0 368.0
2528 43.0 51.0 379.0 376.0
2529 104.0 42.0 393.0 256.0
2530 173.0 34.0 168.0 257.0
2531 139.0 81.0 353.0 224.0
2532 107.0 89.0 232.0 142.0
2533 195.0 80.0 139.0 123.0
2534 200.0 114.0 142.0 150.0
2535 67.0 57.0 290.0 142.0
2536 95.0 59.0 294.0 233.0
2537 16.0 54.0 417.0 242.0
2538 120.0 158.0 167.0 203.0
2539 65.0 69.0 182.0 145.0
2540 115.0 34.0 386.0 249.0
2541 174.0 71.0 154.0 209.0
2542 111.0 125.0 154.0 149.0
2543 29.0 51.0 320.0 238.0
2544 70.0 49.0 386.0 280.0
2545 32.0 171.0 154.0 136.0
2546 44.0 49.0 348.0 183.0
2547 68.0 42.0 426.0 227.0
2548 112.0 73.0 274.0 178.0
2549 7.0 139.0 437.0 102.0
2550 53.0 1.0 245.0 245.0
2551 227.0 137.0 111.0 107.0
2552 86.0 104.0 255.0 147.0
2553 61.0 0.0 327.0 193.0
2554 65.0 42.0 321.0 291.0
2555 156.0 63.0 134.0 176.0
2556 263.0 71.0 102.0 174.0
2557 181.0 119.0 119.0 222.0
2558 113.0 43.0 296.0 172.0
2559 56.0 21.0 168.0 228.0
2560 153.0 43.0 204.0 162.0
2561 164.0 49.0 171.0 179.0
2562 107.0 92.0 209.0 141.0
2563 202.0 64.0 250.0 203.0
2564 95.0 104.0 294.0 216.0
2565 112.0 93.0 271.0 186.0
2566 33.0 34.0 458.0 276.0
2567 57.0 91.0 381.0 143.0
2568 102.0 53.0 228.0 259.0
2569 21.0 43.0 379.0 230.0
2570 157.0 47.0 330.0 183.0
2571 149.0 36.0 134.0 253.0
2572 14.0 117.0 273.0 226.0
2573 42.0 29.0 393.0 315.0
2574 36.0 28.0 265.0 295.0
2575 18.0 74.0 465.0 348.0
2576 134.0 56.0 224.0 111.0
2577 18.0 99.0 375.0 168.0
2578 52.0 1.0 448.0 330.0
2579 79.0 104.0 262.0 133.0
2580 17.0 48.0 467.0 178.0
2581 10.0 53.0 407.0 276.0
2582 175.0 122.0 204.0 100.0
2583 91.0 3.0 405.0 307.0
2584 103.0 36.0 387.0 202.0
2585 108.0 106.0 352.0 158.0
2586 115.0 56.0 164.0 291.0
2587 61.0 14.0 317.0 263.0
2588 40.0 13.0 434.0 233.0
2589 117.0 37.0 222.0 358.0
2590 37.0 64.0 454.0 177.0
2591 113.0 174.0 316.0 114.0
2592 113.0 97.0 143.0 111.0
2593 42.0 43.0 334.0 147.0
2594 128.0 60.0 250.0 212.0
2595 61.0 59.0 257.0 113.0
2596 51.0 7.0 232.0 473.0
2597 134.0 54.0 339.0 180.0
2598 204.0 69.0 125.0 138.0
2599 65.0 82.0 304.0 189.0
2600 130.0 98.0 246.0 172.0
2601 158.0 70.0 233.0 165.0
2602 17.0 26.0 479.0 162.0
2603 68.0 116.0 279.0 272.0
2604 90.0 144.0 302.0 150.0
2605 77.0 33.0 348.0 160.0
2606 4.0 75.0 385.0 132.0
2607 112.0 22.0 367.0 315.0
2608 173.0 111.0 240.0 113.0
2609 154.0 170.0 316.0 121.0
2610 76.0 67.0 397.0 170.0
2611 23.0 76.0 309.0 384.0
2612 237.0 96.0 196.0 108.0
2613 81.0 35.0 363.0 297.0
2614 81.0 166.0 383.0 143.0
2615 94.0 42.0 337.0 216.0
2616 133.0 95.0 230.0 105.0
2617 32.0 69.0 433.0 199.0
2618 97.0 120.0 316.0 119.0
2619 21.0 32.0 445.0 175.0
2620 53.0 101.0 293.0 107.0
2621 163.0 117.0 296.0 124.0
2622 158.0 105.0 323.0 222.0
2623 25.0 108.0 355.0 147.0
2624 62.0 73.0 383.0 140.0
2625 19.0 159.0 310.0 154.0
2626 94.0 96.0 187.0 122.0
2627 100.0 73.0 356.0 155.0
2628 36.0 60.0 317.0 148.0
2629 102.0 80.0 323.0 209.0
2630 148.0 229.0 280.0 134.0
2631 58.0 44.0 247.0 194.0
2632 127.0 121.0 251.0 132.0
2633 65.0 64.0 375.0 195.0
2634 66.0 92.0 324.0 191.0
2635 3.0 4.0 362.0 371.0
2636 121.0 112.0 319.0 142.0
2637 47.0 88.0 383.0 168.0
2638 106.0 116.0 233.0 123.0
2639 76.0 62.0 368.0 147.0
2640 160.0 66.0 247.0 129.0
2641 20.0 83.0 357.0 143.0
2642 88.0 96.0 299.0 128.0
2643 35.0 31.0 387.0 286.0
2644 132.0 66.0 203.0 182.0
2645 157.0 122.0 299.0 104.0
2646 123.0 72.0 169.0 139.0
2647 22.0 130.0 291.0 114.0
2648 108.0 111.0 357.0 104.0
2649 73.0 97.0 341.0 146.0
2650 39.0 169.0 250.0 206.0
2651 51.0 91.0 239.0 317.0
2652 96.0 73.0 145.0 120.0
2653 237.0 59.0 183.0 250.0
2654 193.0 87.0 145.0 195.0
2655 40.0 218.0 262.0 162.0
2656 108.0 84.0 248.0 255.0
2657 204.0 82.0 152.0 249.0
2658 62.0 49.0 202.0 139.0
2659 68.0 72.0 311.0 275.0
2660 102.0 77.0 346.0 210.0
2661 16.0 135.0 207.0 320.0
2662 188.0 69.0 183.0 162.0
2663 107.0 76.0 303.0 393.0
2664 26.0 18.0 427.0 311.0
2665 50.0 215.0 175.0 140.0
2666 81.0 124.0 166.0 191.0
2667 197.0 76.0 171.0 117.0
2668 145.0 89.0 317.0 235.0
2669 191.0 57.0 247.0 328.0
2670 201.0 68.0 227.0 400.0
2671 185.0 153.0 201.0 264.0
2672 94.0 92.0 125.0 145.0
2673 180.0 91.0 280.0 105.0
2674 6.0 127.0 223.0 266.0
2675 173.0 135.0 271.0 154.0
2676 217.0 76.0 231.0 211.0
2677 183.0 182.0 147.0 176.0
2678 43.0 89.0 332.0 153.0
2679 102.0 71.0 282.0 245.0
2680 103.0 28.0 177.0 446.0
2681 248.0 104.0 119.0 166.0
2682 109.0 63.0 141.0 172.0
2683 90.0 44.0 200.0 252.0
2684 127.0 137.0 164.0 103.0
2685 48.0 78.0 283.0 376.0
2686 166.0 38.0 309.0 345.0
2687 178.0 138.0 309.0 162.0
2688 24.0 27.0 439.0 288.0
2689 210.0 56.0 217.0 160.0
2690 250.0 57.0 157.0 297.0
2691 276.0 139.0 170.0 149.0
2692 83.0 148.0 178.0 289.0
2693 38.0 58.0 252.0 321.0
2694 42.0 146.0 193.0 197.0
2695 90.0 112.0 166.0 130.0
2696 114.0 46.0 297.0 200.0
2697 47.0 136.0 382.0 180.0
2698 52.0 116.0 232.0 299.0
2699 134.0 87.0 294.0 375.0
2700 212.0 138.0 244.0 276.0
2701 115.0 153.0 190.0 294.0
2702 79.0 77.0 395.0 253.0
2703 156.0 103.0 283.0 113.0
2704 44.0 84.0 158.0 212.0
2705 244.0 137.0 148.0 317.0
2706 140.0 135.0 109.0 135.0
2707 139.0 107.0 211.0 392.0
2708 52.0 112.0 318.0 171.0
2709 61.0 95.0 185.0 315.0
2710 149.0 126.0 128.0 174.0
2711 10.0 24.0 291.0 187.0
2712 45.0 64.0 168.0 294.0
2713 2.0 4.0 468.0 356.0
2714 8.0 59.0 298.0 226.0
2715 164.0 109.0 314.0 210.0
2716 197.0 82.0 269.0 140.0
2717 53.0 61.0 239.0 310.0
2718 177.0 55.0 248.0 191.0
2719 94.0 110.0 110.0 120.0
2720 20.0 71.0 352.0 198.0
2721 238.0 63.0 217.0 196.0
2722 12.0 98.0 223.0 292.0
2723 80.0 159.0 223.0 135.0
2724 84.0 120.0 126.0 284.0
2725 24.0 52.0 112.0 143.0
2726 53.0 189.0 195.0 200.0
2727 26.0 33.0 242.0 325.0
2728 58.0 50.0 337.0 222.0
2729 34.0 109.0 358.0 209.0
2730 50.0 61.0 160.0 207.0
2731 101.0 17.0 248.0 118.0
2732 207.0 54.0 245.0 192.0
2733 18.0 204.0 313.0 250.0
2734 89.0 99.0 279.0 220.0
2735 100.0 45.0 162.0 164.0
2736 81.0 49.0 232.0 248.0
2737 251.0 90.0 193.0 186.0
2738 107.0 150.0 169.0 238.0
2739 34.0 81.0 212.0 252.0
2740 6.0 11.0 269.0 214.0
2741 67.0 44.0 273.0 296.0
2742 9.0 6.0 306.0 260.0
2743 100.0 46.0 187.0 284.0
2744 242.0 101.0 188.0 104.0
2745 160.0 120.0 134.0 150.0
2746 135.0 106.0 207.0 227.0
2747 269.0 154.0 204.0 148.0
2748 248.0 89.0 166.0 143.0
2749 269.0 84.0 157.0 256.0
2750 61.0 56.0 267.0 384.0
2751 264.0 130.0 151.0 125.0
2752 50.0 95.0 320.0 308.0
2753 218.0 72.0 203.0 200.0
2754 83.0 262.0 136.0 132.0
2755 155.0 129.0 208.0 155.0
2756 129.0 66.0 166.0 124.0
2757 36.0 79.0 272.0 190.0
2758 43.0 104.0 166.0 100.0
2759 88.0 113.0 227.0 150.0
2760 130.0 82.0 114.0 130.0
2761 39.0 17.0 412.0 356.0
2762 36.0 80.0 277.0 148.0
2763 147.0 46.0 309.0 270.0
2764 44.0 33.0 322.0 274.0
2765 225.0 100.0 261.0 170.0
2766 5.0 25.0 283.0 255.0
2767 145.0 71.0 310.0 158.0
2768 4.0 29.0 377.0 289.0
2769 111.0 89.0 320.0 246.0
2770 190.0 98.0 156.0 104.0
2771 64.0 35.0 372.0 258.0
2772 153.0 48.0 178.0 267.0
2773 43.0 22.0 226.0 448.0
2774 101.0 111.0 378.0 246.0
2775 15.0 18.0 486.0 333.0
2776 89.0 63.0 231.0 246.0
2777 180.0 121.0 286.0 155.0
2778 56.0 92.0 350.0 226.0
2779 131.0 81.0 162.0 177.0
2780 272.0 107.0 168.0 232.0
2781 100.0 46.0 258.0 305.0
2782 162.0 27.0 323.0 291.0
2783 79.0 140.0 217.0 188.0
2784 78.0 158.0 214.0 243.0
2785 63.0 44.0 407.0 299.0
2786 64.0 90.0 200.0 361.0
2787 43.0 136.0 352.0 226.0
2788 39.0 103.0 340.0 123.0
2789 13.0 106.0 364.0 211.0
2790 82.0 59.0 355.0 403.0
2791 173.0 106.0 184.0 151.0
2792 151.0 37.0 284.0 324.0
2793 169.0 26.0 330.0 348.0
2794 111.0 53.0 239.0 236.0
2795 83.0 212.0 202.0 216.0
2796 65.0 80.0 391.0 320.0
2797 52.0 106.0 342.0 391.0
2798 244.0 83.0 177.0 194.0
2799 6.0 117.0 439.0 278.0
2800 139.0 95.0 220.0 294.0
2801 76.0 86.0 271.0 254.0
2802 119.0 45.0 319.0 314.0
2803 122.0 55.0 341.0 227.0
2804 150.0 117.0 349.0 204.0
2805 44.0 39.0 199.0 345.0
2806 145.0 70.0 294.0 299.0
2807 96.0 162.0 293.0 312.0
2808 194.0 117.0 164.0 128.0
2809 191.0 86.0 151.0 185.0
2810 20.0 37.0 382.0 322.0
2811 143.0 53.0 319.0 214.0
2812 101.0 132.0 174.0 319.0
2813 233.0 28.0 163.0 210.0
2814 13.0 69.0 376.0 345.0
2815 82.0 92.0 276.0 230.0
2816 76.0 158.0 139.0 191.0
2817 75.0 63.0 303.0 179.0
2818 10.0 56.0 313.0 276.0
2819 153.0 65.0 323.0 219.0
2820 62.0 59.0 335.0 210.0
2821 58.0 44.0 389.0 243.0
2822 103.0 64.0 239.0 248.0
2823 98.0 71.0 342.0 122.0
2824 30.0 44.0 295.0 249.0
2825 127.0 56.0 277.0 277.0
2826 32.0 50.0 424.0 311.0
2827 39.0 27.0 435.0 222.0
2828 14.0 192.0 329.0 269.0
2829 32.0 47.0 357.0 301.0
2830 201.0 57.0 251.0 127.0
2831 128.0 127.0 250.0 125.0
2832 274.0 49.0 141.0 140.0
2833 140.0 60.0 241.0 181.0
2834 190.0 141.0 182.0 109.0
2835 98.0 124.0 192.0 117.0
2836 128.0 134.0 175.0 112.0
2837 35.0 67.0 226.0 115.0
2838 111.0 50.0 282.0 169.0
2839 153.0 77.0 279.0 245.0
2840 206.0 62.0 248.0 148.0
2841 157.0 76.0 270.0 139.0
2842 221.0 91.0 196.0 113.0
2843 135.0 117.0 143.0 105.0
2844 68.0 29.0 364.0 236.0
2845 108.0 120.0 287.0 143.0
2846 86.0 0.0 396.0 334.0
2847 44.0 127.0 330.0 106.0
2848 82.0 83.0 255.0 187.0
2849 105.0 74.0 202.0 214.0
2850 88.0 54.0 332.0 239.0
2851 89.0 68.0 147.0 119.0
2852 150.0 44.0 212.0 179.0
2853 26.0 65.0 392.0 252.0
2854 145.0 107.0 250.0 154.0
2855 40.0 70.0 295.0 157.0
2856 216.0 133.0 258.0 148.0
2857 163.0 86.0 219.0 164.0
2858 48.0 127.0 268.0 215.0
2859 69.0 33.0 341.0 218.0
2860 94.0 83.0 340.0 167.0
2861 161.0 116.0 324.0 146.0
2862 105.0 85.0 245.0 122.0
2863 61.0 88.0 354.0 133.0
2864 166.0 73.0 142.0 147.0
2865 196.0 93.0 252.0 140.0
2866 174.0 67.0 290.0 213.0
2867 125.0 39.0 248.0 259.0
2868 61.0 93.0 341.0 168.0
2869 218.0 186.0 195.0 109.0
2870 63.0 49.0 336.0 165.0
2871 101.0 84.0 212.0 135.0
2872 32.0 69.0 334.0 226.0
2873 14.0 37.0 381.0 204.0
2874 133.0 59.0 337.0 139.0
2875 4.0 17.0 361.0 282.0
2876 113.0 72.0 278.0 162.0
2877 163.0 91.0 227.0 108.0
2878 116.0 82.0 322.0 161.0
2879 195.0 135.0 214.0 109.0
2880 28.0 27.0 371.0 316.0
2881 106.0 48.0 331.0 239.0
2882 79.0 71.0 250.0 160.0
2883 134.0 85.0 196.0 132.0
2884 161.0 94.0 285.0 160.0
2885 109.0 95.0 245.0 100.0
2886 263.0 137.0 122.0 129.0
2887 93.0 35.0 207.0 217.0
2888 24.0 7.0 312.0 174.0
2889 155.0 80.0 194.0 117.0
